
Q VALUES for  50
[[0.05 0.05 0.05]]  ->  0
[[0.05 0.05 0.1 ]]  ->  0
[[0.05 0.05 0.15]]  ->  0
[[0.05 0.05 0.2 ]]  ->  0
[[0.05 0.1  0.05]]  ->  0
[[0.05 0.1  0.1 ]]  ->  0
[[0.05 0.1  0.15]]  ->  0
[[0.05 0.1  0.2 ]]  ->  0
[[0.05 0.15 0.05]]  ->  0
[[0.05 0.15 0.1 ]]  ->  0
[[0.05 0.15 0.15]]  ->  0
[[0.05 0.15 0.2 ]]  ->  0
[[0.05 0.2  0.05]]  ->  0
[[0.05 0.2  0.1 ]]  ->  0
[[0.05 0.2  0.15]]  ->  0
[[0.05 0.2  0.2 ]]  ->  0
[[0.1  0.05 0.05]]  ->  0
[[0.1  0.05 0.1 ]]  ->  0
[[0.1  0.05 0.15]]  ->  0
[[0.1  0.05 0.2 ]]  ->  0
[[0.1  0.1  0.05]]  ->  0
[[0.1 0.1 0.1]]  ->  0
[[0.1  0.1  0.15]]  ->  0
[[0.1 0.1 0.2]]  ->  0
[[0.1  0.15 0.05]]  ->  0
[[0.1  0.15 0.1 ]]  ->  0
[[0.1  0.15 0.15]]  ->  0
[[0.1  0.15 0.2 ]]  ->  0
[[0.1  0.2  0.05]]  ->  0
[[0.1 0.2 0.1]]  ->  0
[[0.1  0.2  0.15]]  ->  0
[[0.1 0.2 0.2]]  ->  0
[[0.15 0.05 0.05]]  ->  0
[[0.15 0.05 0.1 ]]  ->  0
[[0.15 0.05 0.15]]  ->  0
[[0.15 0.05 0.2 ]]  ->  0
[[0.15 0.1  0.05]]  ->  0
[[0.15 0.1  0.1 ]]  ->  0
[[0.15 0.1  0.15]]  ->  0
[[0.15 0.1  0.2 ]]  ->  0
[[0.15 0.15 0.05]]  ->  0
[[0.15 0.15 0.1 ]]  ->  0
[[0.15 0.15 0.15]]  ->  0
[[0.15 0.15 0.2 ]]  ->  0
[[0.15 0.2  0.05]]  ->  0
[[0.15 0.2  0.1 ]]  ->  0
[[0.15 0.2  0.15]]  ->  0
[[0.15 0.2  0.2 ]]  ->  0
[[0.2  0.05 0.05]]  ->  0
[[0.2  0.05 0.1 ]]  ->  0
[[0.2  0.05 0.15]]  ->  0
[[0.2  0.05 0.2 ]]  ->  0
[[0.2  0.1  0.05]]  ->  0
[[0.2 0.1 0.1]]  ->  0
[[0.2  0.1  0.15]]  ->  0
[[0.2 0.1 0.2]]  ->  0
[[0.2  0.15 0.05]]  ->  0
[[0.2  0.15 0.1 ]]  ->  0
[[0.2  0.15 0.15]]  ->  0
[[0.2  0.15 0.2 ]]  ->  0
[[0.2  0.2  0.05]]  ->  0
[[0.2 0.2 0.1]]  ->  0
[[0.2  0.2  0.15]]  ->  0
[[0.2 0.2 0.2]]  ->  0

Q VALUES for  100
[[0.05 0.05 0.05]]  ->  0
[[0.05 0.05 0.1 ]]  ->  0
[[0.05 0.05 0.15]]  ->  0
[[0.05 0.05 0.2 ]]  ->  0
[[0.05 0.1  0.05]]  ->  0
[[0.05 0.1  0.1 ]]  ->  0
[[0.05 0.1  0.15]]  ->  0
[[0.05 0.1  0.2 ]]  ->  0
[[0.05 0.15 0.05]]  ->  0
[[0.05 0.15 0.1 ]]  ->  0
[[0.05 0.15 0.15]]  ->  0
[[0.05 0.15 0.2 ]]  ->  0
[[0.05 0.2  0.05]]  ->  0
[[0.05 0.2  0.1 ]]  ->  0
[[0.05 0.2  0.15]]  ->  0
[[0.05 0.2  0.2 ]]  ->  0
[[0.1  0.05 0.05]]  ->  0
[[0.1  0.05 0.1 ]]  ->  0
[[0.1  0.05 0.15]]  ->  0
[[0.1  0.05 0.2 ]]  ->  0
[[0.1  0.1  0.05]]  ->  0
[[0.1 0.1 0.1]]  ->  0
[[0.1  0.1  0.15]]  ->  0
[[0.1 0.1 0.2]]  ->  0
[[0.1  0.15 0.05]]  ->  0
[[0.1  0.15 0.1 ]]  ->  0
[[0.1  0.15 0.15]]  ->  0
[[0.1  0.15 0.2 ]]  ->  0
[[0.1  0.2  0.05]]  ->  0
[[0.1 0.2 0.1]]  ->  0
[[0.1  0.2  0.15]]  ->  0
[[0.1 0.2 0.2]]  ->  0
[[0.15 0.05 0.05]]  ->  0
[[0.15 0.05 0.1 ]]  ->  0
[[0.15 0.05 0.15]]  ->  0
[[0.15 0.05 0.2 ]]  ->  0
[[0.15 0.1  0.05]]  ->  0
[[0.15 0.1  0.1 ]]  ->  0
[[0.15 0.1  0.15]]  ->  0
[[0.15 0.1  0.2 ]]  ->  0
[[0.15 0.15 0.05]]  ->  0
[[0.15 0.15 0.1 ]]  ->  0
[[0.15 0.15 0.15]]  ->  0
[[0.15 0.15 0.2 ]]  ->  0
[[0.15 0.2  0.05]]  ->  0
[[0.15 0.2  0.1 ]]  ->  0
[[0.15 0.2  0.15]]  ->  0
[[0.15 0.2  0.2 ]]  ->  0
[[0.2  0.05 0.05]]  ->  0
[[0.2  0.05 0.1 ]]  ->  0
[[0.2  0.05 0.15]]  ->  0
[[0.2  0.05 0.2 ]]  ->  0
[[0.2  0.1  0.05]]  ->  0
[[0.2 0.1 0.1]]  ->  0
[[0.2  0.1  0.15]]  ->  0
[[0.2 0.1 0.2]]  ->  0
[[0.2  0.15 0.05]]  ->  0
[[0.2  0.15 0.1 ]]  ->  0
[[0.2  0.15 0.15]]  ->  0
[[0.2  0.15 0.2 ]]  ->  0
[[0.2  0.2  0.05]]  ->  0
[[0.2 0.2 0.1]]  ->  0
[[0.2  0.2  0.15]]  ->  0
[[0.2 0.2 0.2]]  ->  0

Q VALUES for  150
[[0.05 0.05 0.05]]  ->  0
[[0.05 0.05 0.1 ]]  ->  0
[[0.05 0.05 0.15]]  ->  0
[[0.05 0.05 0.2 ]]  ->  0
[[0.05 0.1  0.05]]  ->  0
[[0.05 0.1  0.1 ]]  ->  0
[[0.05 0.1  0.15]]  ->  0
[[0.05 0.1  0.2 ]]  ->  0
[[0.05 0.15 0.05]]  ->  0
[[0.05 0.15 0.1 ]]  ->  0
[[0.05 0.15 0.15]]  ->  0
[[0.05 0.15 0.2 ]]  ->  0
[[0.05 0.2  0.05]]  ->  0
[[0.05 0.2  0.1 ]]  ->  0
[[0.05 0.2  0.15]]  ->  0
[[0.05 0.2  0.2 ]]  ->  0
[[0.1  0.05 0.05]]  ->  0
[[0.1  0.05 0.1 ]]  ->  0
[[0.1  0.05 0.15]]  ->  0
[[0.1  0.05 0.2 ]]  ->  0
[[0.1  0.1  0.05]]  ->  0
[[0.1 0.1 0.1]]  ->  0
[[0.1  0.1  0.15]]  ->  0
[[0.1 0.1 0.2]]  ->  0
[[0.1  0.15 0.05]]  ->  0
[[0.1  0.15 0.1 ]]  ->  0
[[0.1  0.15 0.15]]  ->  0
[[0.1  0.15 0.2 ]]  ->  0
[[0.1  0.2  0.05]]  ->  0
[[0.1 0.2 0.1]]  ->  0
[[0.1  0.2  0.15]]  ->  0
[[0.1 0.2 0.2]]  ->  0
[[0.15 0.05 0.05]]  ->  0
[[0.15 0.05 0.1 ]]  ->  0
[[0.15 0.05 0.15]]  ->  0
[[0.15 0.05 0.2 ]]  ->  0
[[0.15 0.1  0.05]]  ->  0
[[0.15 0.1  0.1 ]]  ->  0
[[0.15 0.1  0.15]]  ->  0
[[0.15 0.1  0.2 ]]  ->  0
[[0.15 0.15 0.05]]  ->  0
[[0.15 0.15 0.1 ]]  ->  0
[[0.15 0.15 0.15]]  ->  0
[[0.15 0.15 0.2 ]]  ->  0
[[0.15 0.2  0.05]]  ->  0
[[0.15 0.2  0.1 ]]  ->  0
[[0.15 0.2  0.15]]  ->  0
[[0.15 0.2  0.2 ]]  ->  0
[[0.2  0.05 0.05]]  ->  0
[[0.2  0.05 0.1 ]]  ->  0
[[0.2  0.05 0.15]]  ->  0
[[0.2  0.05 0.2 ]]  ->  0
[[0.2  0.1  0.05]]  ->  0
[[0.2 0.1 0.1]]  ->  0
[[0.2  0.1  0.15]]  ->  0
[[0.2 0.1 0.2]]  ->  0
[[0.2  0.15 0.05]]  ->  0
[[0.2  0.15 0.1 ]]  ->  0
[[0.2  0.15 0.15]]  ->  0
[[0.2  0.15 0.2 ]]  ->  0
[[0.2  0.2  0.05]]  ->  0
[[0.2 0.2 0.1]]  ->  0
[[0.2  0.2  0.15]]  ->  0
[[0.2 0.2 0.2]]  ->  0

Q VALUES for  200
[[0.05 0.05 0.05]]  ->  0
[[0.05 0.05 0.1 ]]  ->  0
[[0.05 0.05 0.15]]  ->  0
[[0.05 0.05 0.2 ]]  ->  0
[[0.05 0.1  0.05]]  ->  0
[[0.05 0.1  0.1 ]]  ->  0
[[0.05 0.1  0.15]]  ->  0
[[0.05 0.1  0.2 ]]  ->  0
[[0.05 0.15 0.05]]  ->  0
[[0.05 0.15 0.1 ]]  ->  0
[[0.05 0.15 0.15]]  ->  0
[[0.05 0.15 0.2 ]]  ->  0
[[0.05 0.2  0.05]]  ->  0
[[0.05 0.2  0.1 ]]  ->  0
[[0.05 0.2  0.15]]  ->  0
[[0.05 0.2  0.2 ]]  ->  0
[[0.1  0.05 0.05]]  ->  0
[[0.1  0.05 0.1 ]]  ->  0
[[0.1  0.05 0.15]]  ->  0
[[0.1  0.05 0.2 ]]  ->  0
[[0.1  0.1  0.05]]  ->  0
[[0.1 0.1 0.1]]  ->  0
[[0.1  0.1  0.15]]  ->  0
[[0.1 0.1 0.2]]  ->  0
[[0.1  0.15 0.05]]  ->  0
[[0.1  0.15 0.1 ]]  ->  0
[[0.1  0.15 0.15]]  ->  0
[[0.1  0.15 0.2 ]]  ->  0
[[0.1  0.2  0.05]]  ->  0
[[0.1 0.2 0.1]]  ->  0
[[0.1  0.2  0.15]]  ->  0
[[0.1 0.2 0.2]]  ->  0
[[0.15 0.05 0.05]]  ->  0
[[0.15 0.05 0.1 ]]  ->  0
[[0.15 0.05 0.15]]  ->  0
[[0.15 0.05 0.2 ]]  ->  0
[[0.15 0.1  0.05]]  ->  0
[[0.15 0.1  0.1 ]]  ->  0
[[0.15 0.1  0.15]]  ->  0
[[0.15 0.1  0.2 ]]  ->  0
[[0.15 0.15 0.05]]  ->  0
[[0.15 0.15 0.1 ]]  ->  0
[[0.15 0.15 0.15]]  ->  0
[[0.15 0.15 0.2 ]]  ->  0
[[0.15 0.2  0.05]]  ->  0
[[0.15 0.2  0.1 ]]  ->  0
[[0.15 0.2  0.15]]  ->  0
[[0.15 0.2  0.2 ]]  ->  0
[[0.2  0.05 0.05]]  ->  0
[[0.2  0.05 0.1 ]]  ->  0
[[0.2  0.05 0.15]]  ->  0
[[0.2  0.05 0.2 ]]  ->  0
[[0.2  0.1  0.05]]  ->  0
[[0.2 0.1 0.1]]  ->  0
[[0.2  0.1  0.15]]  ->  0
[[0.2 0.1 0.2]]  ->  0
[[0.2  0.15 0.05]]  ->  0
[[0.2  0.15 0.1 ]]  ->  0
[[0.2  0.15 0.15]]  ->  0
[[0.2  0.15 0.2 ]]  ->  0
[[0.2  0.2  0.05]]  ->  0
[[0.2 0.2 0.1]]  ->  0
[[0.2  0.2  0.15]]  ->  0
[[0.2 0.2 0.2]]  ->  0

Q VALUES for  250
[[0.05 0.05 0.05]]  ->  2
[[0.05 0.05 0.1 ]]  ->  2
[[0.05 0.05 0.15]]  ->  2
[[0.05 0.05 0.2 ]]  ->  2
[[0.05 0.1  0.05]]  ->  2
[[0.05 0.1  0.1 ]]  ->  2
[[0.05 0.1  0.15]]  ->  2
[[0.05 0.1  0.2 ]]  ->  2
[[0.05 0.15 0.05]]  ->  2
[[0.05 0.15 0.1 ]]  ->  2
[[0.05 0.15 0.15]]  ->  2
[[0.05 0.15 0.2 ]]  ->  2
[[0.05 0.2  0.05]]  ->  2
[[0.05 0.2  0.1 ]]  ->  2
[[0.05 0.2  0.15]]  ->  2
[[0.05 0.2  0.2 ]]  ->  2
[[0.1  0.05 0.05]]  ->  2
[[0.1  0.05 0.1 ]]  ->  2
[[0.1  0.05 0.15]]  ->  2
[[0.1  0.05 0.2 ]]  ->  2
[[0.1  0.1  0.05]]  ->  2
[[0.1 0.1 0.1]]  ->  2
[[0.1  0.1  0.15]]  ->  2
[[0.1 0.1 0.2]]  ->  2
[[0.1  0.15 0.05]]  ->  2
[[0.1  0.15 0.1 ]]  ->  2
[[0.1  0.15 0.15]]  ->  2
[[0.1  0.15 0.2 ]]  ->  2
[[0.1  0.2  0.05]]  ->  2
[[0.1 0.2 0.1]]  ->  2
[[0.1  0.2  0.15]]  ->  2
[[0.1 0.2 0.2]]  ->  2
[[0.15 0.05 0.05]]  ->  2
[[0.15 0.05 0.1 ]]  ->  2
[[0.15 0.05 0.15]]  ->  2
[[0.15 0.05 0.2 ]]  ->  2
[[0.15 0.1  0.05]]  ->  2
[[0.15 0.1  0.1 ]]  ->  2
[[0.15 0.1  0.15]]  ->  2
[[0.15 0.1  0.2 ]]  ->  2
[[0.15 0.15 0.05]]  ->  2
[[0.15 0.15 0.1 ]]  ->  2
[[0.15 0.15 0.15]]  ->  2
[[0.15 0.15 0.2 ]]  ->  2
[[0.15 0.2  0.05]]  ->  2
[[0.15 0.2  0.1 ]]  ->  2
[[0.15 0.2  0.15]]  ->  2
[[0.15 0.2  0.2 ]]  ->  2
[[0.2  0.05 0.05]]  ->  2
[[0.2  0.05 0.1 ]]  ->  2
[[0.2  0.05 0.15]]  ->  2
[[0.2  0.05 0.2 ]]  ->  2
[[0.2  0.1  0.05]]  ->  2
[[0.2 0.1 0.1]]  ->  2
[[0.2  0.1  0.15]]  ->  2
[[0.2 0.1 0.2]]  ->  2
[[0.2  0.15 0.05]]  ->  2
[[0.2  0.15 0.1 ]]  ->  2
[[0.2  0.15 0.15]]  ->  2
[[0.2  0.15 0.2 ]]  ->  2
[[0.2  0.2  0.05]]  ->  2
[[0.2 0.2 0.1]]  ->  2
[[0.2  0.2  0.15]]  ->  2
[[0.2 0.2 0.2]]  ->  2

Q VALUES for  300
[[0.05 0.05 0.05]]  ->  2
[[0.05 0.05 0.1 ]]  ->  2
[[0.05 0.05 0.15]]  ->  2
[[0.05 0.05 0.2 ]]  ->  2
[[0.05 0.1  0.05]]  ->  2
[[0.05 0.1  0.1 ]]  ->  2
[[0.05 0.1  0.15]]  ->  2
[[0.05 0.1  0.2 ]]  ->  2
[[0.05 0.15 0.05]]  ->  2
[[0.05 0.15 0.1 ]]  ->  2
[[0.05 0.15 0.15]]  ->  2
[[0.05 0.15 0.2 ]]  ->  2
[[0.05 0.2  0.05]]  ->  2
[[0.05 0.2  0.1 ]]  ->  2
[[0.05 0.2  0.15]]  ->  2
[[0.05 0.2  0.2 ]]  ->  2
[[0.1  0.05 0.05]]  ->  2
[[0.1  0.05 0.1 ]]  ->  2
[[0.1  0.05 0.15]]  ->  2
[[0.1  0.05 0.2 ]]  ->  2
[[0.1  0.1  0.05]]  ->  2
[[0.1 0.1 0.1]]  ->  2
[[0.1  0.1  0.15]]  ->  2
[[0.1 0.1 0.2]]  ->  2
[[0.1  0.15 0.05]]  ->  2
[[0.1  0.15 0.1 ]]  ->  2
[[0.1  0.15 0.15]]  ->  2
[[0.1  0.15 0.2 ]]  ->  2
[[0.1  0.2  0.05]]  ->  2
[[0.1 0.2 0.1]]  ->  2
[[0.1  0.2  0.15]]  ->  2
[[0.1 0.2 0.2]]  ->  2
[[0.15 0.05 0.05]]  ->  2
[[0.15 0.05 0.1 ]]  ->  2
[[0.15 0.05 0.15]]  ->  2
[[0.15 0.05 0.2 ]]  ->  2
[[0.15 0.1  0.05]]  ->  2
[[0.15 0.1  0.1 ]]  ->  2
[[0.15 0.1  0.15]]  ->  2
[[0.15 0.1  0.2 ]]  ->  2
[[0.15 0.15 0.05]]  ->  2
[[0.15 0.15 0.1 ]]  ->  2
[[0.15 0.15 0.15]]  ->  2
[[0.15 0.15 0.2 ]]  ->  2
[[0.15 0.2  0.05]]  ->  2
[[0.15 0.2  0.1 ]]  ->  2
[[0.15 0.2  0.15]]  ->  2
[[0.15 0.2  0.2 ]]  ->  2
[[0.2  0.05 0.05]]  ->  2
[[0.2  0.05 0.1 ]]  ->  2
[[0.2  0.05 0.15]]  ->  2
[[0.2  0.05 0.2 ]]  ->  2
[[0.2  0.1  0.05]]  ->  2
[[0.2 0.1 0.1]]  ->  2
[[0.2  0.1  0.15]]  ->  2
[[0.2 0.1 0.2]]  ->  2
[[0.2  0.15 0.05]]  ->  2
[[0.2  0.15 0.1 ]]  ->  2
[[0.2  0.15 0.15]]  ->  2
[[0.2  0.15 0.2 ]]  ->  2
[[0.2  0.2  0.05]]  ->  2
[[0.2 0.2 0.1]]  ->  2
[[0.2  0.2  0.15]]  ->  2
[[0.2 0.2 0.2]]  ->  2

Q VALUES for  350
[[0.05 0.05 0.05]]  ->  2
[[0.05 0.05 0.1 ]]  ->  2
[[0.05 0.05 0.15]]  ->  2
[[0.05 0.05 0.2 ]]  ->  2
[[0.05 0.1  0.05]]  ->  2
[[0.05 0.1  0.1 ]]  ->  2
[[0.05 0.1  0.15]]  ->  2
[[0.05 0.1  0.2 ]]  ->  2
[[0.05 0.15 0.05]]  ->  2
[[0.05 0.15 0.1 ]]  ->  2
[[0.05 0.15 0.15]]  ->  2
[[0.05 0.15 0.2 ]]  ->  2
[[0.05 0.2  0.05]]  ->  2
[[0.05 0.2  0.1 ]]  ->  2
[[0.05 0.2  0.15]]  ->  2
[[0.05 0.2  0.2 ]]  ->  2
[[0.1  0.05 0.05]]  ->  2
[[0.1  0.05 0.1 ]]  ->  2
[[0.1  0.05 0.15]]  ->  2
[[0.1  0.05 0.2 ]]  ->  2
[[0.1  0.1  0.05]]  ->  2
[[0.1 0.1 0.1]]  ->  2
[[0.1  0.1  0.15]]  ->  2
[[0.1 0.1 0.2]]  ->  2
[[0.1  0.15 0.05]]  ->  2
[[0.1  0.15 0.1 ]]  ->  2
[[0.1  0.15 0.15]]  ->  2
[[0.1  0.15 0.2 ]]  ->  2
[[0.1  0.2  0.05]]  ->  2
[[0.1 0.2 0.1]]  ->  2
[[0.1  0.2  0.15]]  ->  2
[[0.1 0.2 0.2]]  ->  2
[[0.15 0.05 0.05]]  ->  2
[[0.15 0.05 0.1 ]]  ->  2
[[0.15 0.05 0.15]]  ->  2
[[0.15 0.05 0.2 ]]  ->  2
[[0.15 0.1  0.05]]  ->  2
[[0.15 0.1  0.1 ]]  ->  2
[[0.15 0.1  0.15]]  ->  2
[[0.15 0.1  0.2 ]]  ->  2
[[0.15 0.15 0.05]]  ->  2
[[0.15 0.15 0.1 ]]  ->  2
[[0.15 0.15 0.15]]  ->  2
[[0.15 0.15 0.2 ]]  ->  2
[[0.15 0.2  0.05]]  ->  2
[[0.15 0.2  0.1 ]]  ->  2
[[0.15 0.2  0.15]]  ->  2
[[0.15 0.2  0.2 ]]  ->  2
[[0.2  0.05 0.05]]  ->  0
[[0.2  0.05 0.1 ]]  ->  0
[[0.2  0.05 0.15]]  ->  0
[[0.2  0.05 0.2 ]]  ->  0
[[0.2  0.1  0.05]]  ->  0
[[0.2 0.1 0.1]]  ->  0
[[0.2  0.1  0.15]]  ->  2
[[0.2 0.1 0.2]]  ->  2
[[0.2  0.15 0.05]]  ->  0
[[0.2  0.15 0.1 ]]  ->  2
[[0.2  0.15 0.15]]  ->  2
[[0.2  0.15 0.2 ]]  ->  2
[[0.2  0.2  0.05]]  ->  2
[[0.2 0.2 0.1]]  ->  2
[[0.2  0.2  0.15]]  ->  2
[[0.2 0.2 0.2]]  ->  2

Q VALUES for  400
[[0.05 0.05 0.05]]  ->  0
[[0.05 0.05 0.1 ]]  ->  0
[[0.05 0.05 0.15]]  ->  0
[[0.05 0.05 0.2 ]]  ->  0
[[0.05 0.1  0.05]]  ->  0
[[0.05 0.1  0.1 ]]  ->  0
[[0.05 0.1  0.15]]  ->  0
[[0.05 0.1  0.2 ]]  ->  0
[[0.05 0.15 0.05]]  ->  0
[[0.05 0.15 0.1 ]]  ->  0
[[0.05 0.15 0.15]]  ->  0
[[0.05 0.15 0.2 ]]  ->  0
[[0.05 0.2  0.05]]  ->  0
[[0.05 0.2  0.1 ]]  ->  0
[[0.05 0.2  0.15]]  ->  0
[[0.05 0.2  0.2 ]]  ->  0
[[0.1  0.05 0.05]]  ->  0
[[0.1  0.05 0.1 ]]  ->  0
[[0.1  0.05 0.15]]  ->  0
[[0.1  0.05 0.2 ]]  ->  0
[[0.1  0.1  0.05]]  ->  0
[[0.1 0.1 0.1]]  ->  0
[[0.1  0.1  0.15]]  ->  0
[[0.1 0.1 0.2]]  ->  0
[[0.1  0.15 0.05]]  ->  0
[[0.1  0.15 0.1 ]]  ->  0
[[0.1  0.15 0.15]]  ->  0
[[0.1  0.15 0.2 ]]  ->  0
[[0.1  0.2  0.05]]  ->  0
[[0.1 0.2 0.1]]  ->  0
[[0.1  0.2  0.15]]  ->  0
[[0.1 0.2 0.2]]  ->  0
[[0.15 0.05 0.05]]  ->  0
[[0.15 0.05 0.1 ]]  ->  0
[[0.15 0.05 0.15]]  ->  0
[[0.15 0.05 0.2 ]]  ->  0
[[0.15 0.1  0.05]]  ->  0
[[0.15 0.1  0.1 ]]  ->  0
[[0.15 0.1  0.15]]  ->  0
[[0.15 0.1  0.2 ]]  ->  0
[[0.15 0.15 0.05]]  ->  0
[[0.15 0.15 0.1 ]]  ->  0
[[0.15 0.15 0.15]]  ->  0
[[0.15 0.15 0.2 ]]  ->  0
[[0.15 0.2  0.05]]  ->  0
[[0.15 0.2  0.1 ]]  ->  0
[[0.15 0.2  0.15]]  ->  0
[[0.15 0.2  0.2 ]]  ->  0
[[0.2  0.05 0.05]]  ->  0
[[0.2  0.05 0.1 ]]  ->  0
[[0.2  0.05 0.15]]  ->  0
[[0.2  0.05 0.2 ]]  ->  0
[[0.2  0.1  0.05]]  ->  0
[[0.2 0.1 0.1]]  ->  0
[[0.2  0.1  0.15]]  ->  0
[[0.2 0.1 0.2]]  ->  0
[[0.2  0.15 0.05]]  ->  0
[[0.2  0.15 0.1 ]]  ->  0
[[0.2  0.15 0.15]]  ->  0
[[0.2  0.15 0.2 ]]  ->  0
[[0.2  0.2  0.05]]  ->  0
[[0.2 0.2 0.1]]  ->  0
[[0.2  0.2  0.15]]  ->  0
[[0.2 0.2 0.2]]  ->  0

Q VALUES for  450
[[0.05 0.05 0.05]]  ->  0
[[0.05 0.05 0.1 ]]  ->  0
[[0.05 0.05 0.15]]  ->  0
[[0.05 0.05 0.2 ]]  ->  0
[[0.05 0.1  0.05]]  ->  0
[[0.05 0.1  0.1 ]]  ->  0
[[0.05 0.1  0.15]]  ->  0
[[0.05 0.1  0.2 ]]  ->  0
[[0.05 0.15 0.05]]  ->  0
[[0.05 0.15 0.1 ]]  ->  0
[[0.05 0.15 0.15]]  ->  0
[[0.05 0.15 0.2 ]]  ->  0
[[0.05 0.2  0.05]]  ->  0
[[0.05 0.2  0.1 ]]  ->  0
[[0.05 0.2  0.15]]  ->  0
[[0.05 0.2  0.2 ]]  ->  0
[[0.1  0.05 0.05]]  ->  0
[[0.1  0.05 0.1 ]]  ->  0
[[0.1  0.05 0.15]]  ->  0
[[0.1  0.05 0.2 ]]  ->  0
[[0.1  0.1  0.05]]  ->  0
[[0.1 0.1 0.1]]  ->  0
[[0.1  0.1  0.15]]  ->  0
[[0.1 0.1 0.2]]  ->  0
[[0.1  0.15 0.05]]  ->  0
[[0.1  0.15 0.1 ]]  ->  0
[[0.1  0.15 0.15]]  ->  0
[[0.1  0.15 0.2 ]]  ->  0
[[0.1  0.2  0.05]]  ->  0
[[0.1 0.2 0.1]]  ->  0
[[0.1  0.2  0.15]]  ->  0
[[0.1 0.2 0.2]]  ->  0
[[0.15 0.05 0.05]]  ->  0
[[0.15 0.05 0.1 ]]  ->  0
[[0.15 0.05 0.15]]  ->  0
[[0.15 0.05 0.2 ]]  ->  0
[[0.15 0.1  0.05]]  ->  0
[[0.15 0.1  0.1 ]]  ->  0
[[0.15 0.1  0.15]]  ->  0
[[0.15 0.1  0.2 ]]  ->  0
[[0.15 0.15 0.05]]  ->  0
[[0.15 0.15 0.1 ]]  ->  0
[[0.15 0.15 0.15]]  ->  0
[[0.15 0.15 0.2 ]]  ->  0
[[0.15 0.2  0.05]]  ->  0
[[0.15 0.2  0.1 ]]  ->  0
[[0.15 0.2  0.15]]  ->  0
[[0.15 0.2  0.2 ]]  ->  0
[[0.2  0.05 0.05]]  ->  0
[[0.2  0.05 0.1 ]]  ->  0
[[0.2  0.05 0.15]]  ->  0
[[0.2  0.05 0.2 ]]  ->  0
[[0.2  0.1  0.05]]  ->  0
[[0.2 0.1 0.1]]  ->  0
[[0.2  0.1  0.15]]  ->  0
[[0.2 0.1 0.2]]  ->  0
[[0.2  0.15 0.05]]  ->  0
[[0.2  0.15 0.1 ]]  ->  0
[[0.2  0.15 0.15]]  ->  0
[[0.2  0.15 0.2 ]]  ->  0
[[0.2  0.2  0.05]]  ->  0
[[0.2 0.2 0.1]]  ->  0
[[0.2  0.2  0.15]]  ->  0
[[0.2 0.2 0.2]]  ->  0

Q VALUES for  500
[[0.05 0.05 0.05]]  ->  0
[[0.05 0.05 0.1 ]]  ->  0
[[0.05 0.05 0.15]]  ->  0
[[0.05 0.05 0.2 ]]  ->  0
[[0.05 0.1  0.05]]  ->  0
[[0.05 0.1  0.1 ]]  ->  0
[[0.05 0.1  0.15]]  ->  0
[[0.05 0.1  0.2 ]]  ->  0
[[0.05 0.15 0.05]]  ->  0
[[0.05 0.15 0.1 ]]  ->  0
[[0.05 0.15 0.15]]  ->  0
[[0.05 0.15 0.2 ]]  ->  0
[[0.05 0.2  0.05]]  ->  0
[[0.05 0.2  0.1 ]]  ->  0
[[0.05 0.2  0.15]]  ->  0
[[0.05 0.2  0.2 ]]  ->  0
[[0.1  0.05 0.05]]  ->  0
[[0.1  0.05 0.1 ]]  ->  0
[[0.1  0.05 0.15]]  ->  0
[[0.1  0.05 0.2 ]]  ->  0
[[0.1  0.1  0.05]]  ->  0
[[0.1 0.1 0.1]]  ->  0
[[0.1  0.1  0.15]]  ->  0
[[0.1 0.1 0.2]]  ->  0
[[0.1  0.15 0.05]]  ->  0
[[0.1  0.15 0.1 ]]  ->  0
[[0.1  0.15 0.15]]  ->  0
[[0.1  0.15 0.2 ]]  ->  0
[[0.1  0.2  0.05]]  ->  0
[[0.1 0.2 0.1]]  ->  0
[[0.1  0.2  0.15]]  ->  0
[[0.1 0.2 0.2]]  ->  0
[[0.15 0.05 0.05]]  ->  0
[[0.15 0.05 0.1 ]]  ->  0
[[0.15 0.05 0.15]]  ->  0
[[0.15 0.05 0.2 ]]  ->  0
[[0.15 0.1  0.05]]  ->  0
[[0.15 0.1  0.1 ]]  ->  0
[[0.15 0.1  0.15]]  ->  0
[[0.15 0.1  0.2 ]]  ->  0
[[0.15 0.15 0.05]]  ->  0
[[0.15 0.15 0.1 ]]  ->  0
[[0.15 0.15 0.15]]  ->  0
[[0.15 0.15 0.2 ]]  ->  0
[[0.15 0.2  0.05]]  ->  0
[[0.15 0.2  0.1 ]]  ->  0
[[0.15 0.2  0.15]]  ->  0
[[0.15 0.2  0.2 ]]  ->  0
[[0.2  0.05 0.05]]  ->  0
[[0.2  0.05 0.1 ]]  ->  0
[[0.2  0.05 0.15]]  ->  0
[[0.2  0.05 0.2 ]]  ->  0
[[0.2  0.1  0.05]]  ->  0
[[0.2 0.1 0.1]]  ->  0
[[0.2  0.1  0.15]]  ->  0
[[0.2 0.1 0.2]]  ->  0
[[0.2  0.15 0.05]]  ->  0
[[0.2  0.15 0.1 ]]  ->  0
[[0.2  0.15 0.15]]  ->  0
[[0.2  0.15 0.2 ]]  ->  0
[[0.2  0.2  0.05]]  ->  0
[[0.2 0.2 0.1]]  ->  0
[[0.2  0.2  0.15]]  ->  0
[[0.2 0.2 0.2]]  ->  0

Q VALUES for  550
[[0.05 0.05 0.05]]  ->  0
[[0.05 0.05 0.1 ]]  ->  0
[[0.05 0.05 0.15]]  ->  0
[[0.05 0.05 0.2 ]]  ->  0
[[0.05 0.1  0.05]]  ->  0
[[0.05 0.1  0.1 ]]  ->  0
[[0.05 0.1  0.15]]  ->  0
[[0.05 0.1  0.2 ]]  ->  0
[[0.05 0.15 0.05]]  ->  0
[[0.05 0.15 0.1 ]]  ->  0
[[0.05 0.15 0.15]]  ->  0
[[0.05 0.15 0.2 ]]  ->  0
[[0.05 0.2  0.05]]  ->  0
[[0.05 0.2  0.1 ]]  ->  0
[[0.05 0.2  0.15]]  ->  0
[[0.05 0.2  0.2 ]]  ->  2
[[0.1  0.05 0.05]]  ->  0
[[0.1  0.05 0.1 ]]  ->  0
[[0.1  0.05 0.15]]  ->  0
[[0.1  0.05 0.2 ]]  ->  0
[[0.1  0.1  0.05]]  ->  0
[[0.1 0.1 0.1]]  ->  0
[[0.1  0.1  0.15]]  ->  0
[[0.1 0.1 0.2]]  ->  0
[[0.1  0.15 0.05]]  ->  0
[[0.1  0.15 0.1 ]]  ->  0
[[0.1  0.15 0.15]]  ->  0
[[0.1  0.15 0.2 ]]  ->  0
[[0.1  0.2  0.05]]  ->  0
[[0.1 0.2 0.1]]  ->  0
[[0.1  0.2  0.15]]  ->  0
[[0.1 0.2 0.2]]  ->  0
[[0.15 0.05 0.05]]  ->  0
[[0.15 0.05 0.1 ]]  ->  0
[[0.15 0.05 0.15]]  ->  0
[[0.15 0.05 0.2 ]]  ->  0
[[0.15 0.1  0.05]]  ->  0
[[0.15 0.1  0.1 ]]  ->  0
[[0.15 0.1  0.15]]  ->  0
[[0.15 0.1  0.2 ]]  ->  0
[[0.15 0.15 0.05]]  ->  0
[[0.15 0.15 0.1 ]]  ->  0
[[0.15 0.15 0.15]]  ->  0
[[0.15 0.15 0.2 ]]  ->  0
[[0.15 0.2  0.05]]  ->  0
[[0.15 0.2  0.1 ]]  ->  0
[[0.15 0.2  0.15]]  ->  0
[[0.15 0.2  0.2 ]]  ->  0
[[0.2  0.05 0.05]]  ->  0
[[0.2  0.05 0.1 ]]  ->  0
[[0.2  0.05 0.15]]  ->  0
[[0.2  0.05 0.2 ]]  ->  0
[[0.2  0.1  0.05]]  ->  0
[[0.2 0.1 0.1]]  ->  0
[[0.2  0.1  0.15]]  ->  0
[[0.2 0.1 0.2]]  ->  0
[[0.2  0.15 0.05]]  ->  0
[[0.2  0.15 0.1 ]]  ->  0
[[0.2  0.15 0.15]]  ->  0
[[0.2  0.15 0.2 ]]  ->  0
[[0.2  0.2  0.05]]  ->  0
[[0.2 0.2 0.1]]  ->  0
[[0.2  0.2  0.15]]  ->  0
[[0.2 0.2 0.2]]  ->  0

Q VALUES for  600
[[0.05 0.05 0.05]]  ->  0
[[0.05 0.05 0.1 ]]  ->  0
[[0.05 0.05 0.15]]  ->  0
[[0.05 0.05 0.2 ]]  ->  0
[[0.05 0.1  0.05]]  ->  0
[[0.05 0.1  0.1 ]]  ->  0
[[0.05 0.1  0.15]]  ->  0
[[0.05 0.1  0.2 ]]  ->  0
[[0.05 0.15 0.05]]  ->  0
[[0.05 0.15 0.1 ]]  ->  0
[[0.05 0.15 0.15]]  ->  0
[[0.05 0.15 0.2 ]]  ->  0
[[0.05 0.2  0.05]]  ->  0
[[0.05 0.2  0.1 ]]  ->  0
[[0.05 0.2  0.15]]  ->  0
[[0.05 0.2  0.2 ]]  ->  0
[[0.1  0.05 0.05]]  ->  0
[[0.1  0.05 0.1 ]]  ->  0
[[0.1  0.05 0.15]]  ->  0
[[0.1  0.05 0.2 ]]  ->  0
[[0.1  0.1  0.05]]  ->  0
[[0.1 0.1 0.1]]  ->  0
[[0.1  0.1  0.15]]  ->  0
[[0.1 0.1 0.2]]  ->  0
[[0.1  0.15 0.05]]  ->  0
[[0.1  0.15 0.1 ]]  ->  0
[[0.1  0.15 0.15]]  ->  0
[[0.1  0.15 0.2 ]]  ->  0
[[0.1  0.2  0.05]]  ->  0
[[0.1 0.2 0.1]]  ->  0
[[0.1  0.2  0.15]]  ->  0
[[0.1 0.2 0.2]]  ->  0
[[0.15 0.05 0.05]]  ->  0
[[0.15 0.05 0.1 ]]  ->  0
[[0.15 0.05 0.15]]  ->  0
[[0.15 0.05 0.2 ]]  ->  0
[[0.15 0.1  0.05]]  ->  0
[[0.15 0.1  0.1 ]]  ->  0
[[0.15 0.1  0.15]]  ->  0
[[0.15 0.1  0.2 ]]  ->  0
[[0.15 0.15 0.05]]  ->  0
[[0.15 0.15 0.1 ]]  ->  0
[[0.15 0.15 0.15]]  ->  0
[[0.15 0.15 0.2 ]]  ->  0
[[0.15 0.2  0.05]]  ->  0
[[0.15 0.2  0.1 ]]  ->  0
[[0.15 0.2  0.15]]  ->  0
[[0.15 0.2  0.2 ]]  ->  0
[[0.2  0.05 0.05]]  ->  0
[[0.2  0.05 0.1 ]]  ->  0
[[0.2  0.05 0.15]]  ->  0
[[0.2  0.05 0.2 ]]  ->  0
[[0.2  0.1  0.05]]  ->  0
[[0.2 0.1 0.1]]  ->  0
[[0.2  0.1  0.15]]  ->  0
[[0.2 0.1 0.2]]  ->  0
[[0.2  0.15 0.05]]  ->  0
[[0.2  0.15 0.1 ]]  ->  0
[[0.2  0.15 0.15]]  ->  0
[[0.2  0.15 0.2 ]]  ->  0
[[0.2  0.2  0.05]]  ->  0
[[0.2 0.2 0.1]]  ->  0
[[0.2  0.2  0.15]]  ->  0
[[0.2 0.2 0.2]]  ->  0

Q VALUES for  650
[[0.05 0.05 0.05]]  ->  0
[[0.05 0.05 0.1 ]]  ->  0
[[0.05 0.05 0.15]]  ->  0
[[0.05 0.05 0.2 ]]  ->  0
[[0.05 0.1  0.05]]  ->  0
[[0.05 0.1  0.1 ]]  ->  0
[[0.05 0.1  0.15]]  ->  0
[[0.05 0.1  0.2 ]]  ->  0
[[0.05 0.15 0.05]]  ->  0
[[0.05 0.15 0.1 ]]  ->  0
[[0.05 0.15 0.15]]  ->  0
[[0.05 0.15 0.2 ]]  ->  0
[[0.05 0.2  0.05]]  ->  0
[[0.05 0.2  0.1 ]]  ->  0
[[0.05 0.2  0.15]]  ->  0
[[0.05 0.2  0.2 ]]  ->  0
[[0.1  0.05 0.05]]  ->  0
[[0.1  0.05 0.1 ]]  ->  0
[[0.1  0.05 0.15]]  ->  0
[[0.1  0.05 0.2 ]]  ->  0
[[0.1  0.1  0.05]]  ->  0
[[0.1 0.1 0.1]]  ->  0
[[0.1  0.1  0.15]]  ->  0
[[0.1 0.1 0.2]]  ->  0
[[0.1  0.15 0.05]]  ->  0
[[0.1  0.15 0.1 ]]  ->  0
[[0.1  0.15 0.15]]  ->  0
[[0.1  0.15 0.2 ]]  ->  0
[[0.1  0.2  0.05]]  ->  0
[[0.1 0.2 0.1]]  ->  0
[[0.1  0.2  0.15]]  ->  0
[[0.1 0.2 0.2]]  ->  0
[[0.15 0.05 0.05]]  ->  0
[[0.15 0.05 0.1 ]]  ->  0
[[0.15 0.05 0.15]]  ->  0
[[0.15 0.05 0.2 ]]  ->  0
[[0.15 0.1  0.05]]  ->  0
[[0.15 0.1  0.1 ]]  ->  0
[[0.15 0.1  0.15]]  ->  0
[[0.15 0.1  0.2 ]]  ->  0
[[0.15 0.15 0.05]]  ->  0
[[0.15 0.15 0.1 ]]  ->  0
[[0.15 0.15 0.15]]  ->  0
[[0.15 0.15 0.2 ]]  ->  0
[[0.15 0.2  0.05]]  ->  0
[[0.15 0.2  0.1 ]]  ->  0
[[0.15 0.2  0.15]]  ->  0
[[0.15 0.2  0.2 ]]  ->  0
[[0.2  0.05 0.05]]  ->  0
[[0.2  0.05 0.1 ]]  ->  0
[[0.2  0.05 0.15]]  ->  0
[[0.2  0.05 0.2 ]]  ->  0
[[0.2  0.1  0.05]]  ->  0
[[0.2 0.1 0.1]]  ->  0
[[0.2  0.1  0.15]]  ->  0
[[0.2 0.1 0.2]]  ->  0
[[0.2  0.15 0.05]]  ->  0
[[0.2  0.15 0.1 ]]  ->  0
[[0.2  0.15 0.15]]  ->  0
[[0.2  0.15 0.2 ]]  ->  0
[[0.2  0.2  0.05]]  ->  0
[[0.2 0.2 0.1]]  ->  0
[[0.2  0.2  0.15]]  ->  0
[[0.2 0.2 0.2]]  ->  0

Q VALUES for  700
[[0.05 0.05 0.05]]  ->  0
[[0.05 0.05 0.1 ]]  ->  0
[[0.05 0.05 0.15]]  ->  0
[[0.05 0.05 0.2 ]]  ->  0
[[0.05 0.1  0.05]]  ->  0
[[0.05 0.1  0.1 ]]  ->  0
[[0.05 0.1  0.15]]  ->  0
[[0.05 0.1  0.2 ]]  ->  0
[[0.05 0.15 0.05]]  ->  0
[[0.05 0.15 0.1 ]]  ->  0
[[0.05 0.15 0.15]]  ->  0
[[0.05 0.15 0.2 ]]  ->  0
[[0.05 0.2  0.05]]  ->  0
[[0.05 0.2  0.1 ]]  ->  0
[[0.05 0.2  0.15]]  ->  0
[[0.05 0.2  0.2 ]]  ->  0
[[0.1  0.05 0.05]]  ->  0
[[0.1  0.05 0.1 ]]  ->  0
[[0.1  0.05 0.15]]  ->  0
[[0.1  0.05 0.2 ]]  ->  0
[[0.1  0.1  0.05]]  ->  0
[[0.1 0.1 0.1]]  ->  0
[[0.1  0.1  0.15]]  ->  0
[[0.1 0.1 0.2]]  ->  0
[[0.1  0.15 0.05]]  ->  0
[[0.1  0.15 0.1 ]]  ->  0
[[0.1  0.15 0.15]]  ->  0
[[0.1  0.15 0.2 ]]  ->  0
[[0.1  0.2  0.05]]  ->  0
[[0.1 0.2 0.1]]  ->  0
[[0.1  0.2  0.15]]  ->  0
[[0.1 0.2 0.2]]  ->  0
[[0.15 0.05 0.05]]  ->  0
[[0.15 0.05 0.1 ]]  ->  0
[[0.15 0.05 0.15]]  ->  0
[[0.15 0.05 0.2 ]]  ->  0
[[0.15 0.1  0.05]]  ->  0
[[0.15 0.1  0.1 ]]  ->  0
[[0.15 0.1  0.15]]  ->  0
[[0.15 0.1  0.2 ]]  ->  0
[[0.15 0.15 0.05]]  ->  0
[[0.15 0.15 0.1 ]]  ->  0
[[0.15 0.15 0.15]]  ->  0
[[0.15 0.15 0.2 ]]  ->  0
[[0.15 0.2  0.05]]  ->  0
[[0.15 0.2  0.1 ]]  ->  0
[[0.15 0.2  0.15]]  ->  0
[[0.15 0.2  0.2 ]]  ->  0
[[0.2  0.05 0.05]]  ->  0
[[0.2  0.05 0.1 ]]  ->  0
[[0.2  0.05 0.15]]  ->  0
[[0.2  0.05 0.2 ]]  ->  0
[[0.2  0.1  0.05]]  ->  0
[[0.2 0.1 0.1]]  ->  0
[[0.2  0.1  0.15]]  ->  0
[[0.2 0.1 0.2]]  ->  0
[[0.2  0.15 0.05]]  ->  0
[[0.2  0.15 0.1 ]]  ->  0
[[0.2  0.15 0.15]]  ->  0
[[0.2  0.15 0.2 ]]  ->  0
[[0.2  0.2  0.05]]  ->  0
[[0.2 0.2 0.1]]  ->  0
[[0.2  0.2  0.15]]  ->  0
[[0.2 0.2 0.2]]  ->  0

Q VALUES for  750
[[0.05 0.05 0.05]]  ->  0
[[0.05 0.05 0.1 ]]  ->  0
[[0.05 0.05 0.15]]  ->  0
[[0.05 0.05 0.2 ]]  ->  0
[[0.05 0.1  0.05]]  ->  0
[[0.05 0.1  0.1 ]]  ->  0
[[0.05 0.1  0.15]]  ->  0
[[0.05 0.1  0.2 ]]  ->  0
[[0.05 0.15 0.05]]  ->  0
[[0.05 0.15 0.1 ]]  ->  0
[[0.05 0.15 0.15]]  ->  0
[[0.05 0.15 0.2 ]]  ->  0
[[0.05 0.2  0.05]]  ->  0
[[0.05 0.2  0.1 ]]  ->  0
[[0.05 0.2  0.15]]  ->  0
[[0.05 0.2  0.2 ]]  ->  0
[[0.1  0.05 0.05]]  ->  0
[[0.1  0.05 0.1 ]]  ->  0
[[0.1  0.05 0.15]]  ->  0
[[0.1  0.05 0.2 ]]  ->  0
[[0.1  0.1  0.05]]  ->  0
[[0.1 0.1 0.1]]  ->  0
[[0.1  0.1  0.15]]  ->  0
[[0.1 0.1 0.2]]  ->  0
[[0.1  0.15 0.05]]  ->  0
[[0.1  0.15 0.1 ]]  ->  0
[[0.1  0.15 0.15]]  ->  0
[[0.1  0.15 0.2 ]]  ->  0
[[0.1  0.2  0.05]]  ->  0
[[0.1 0.2 0.1]]  ->  0
[[0.1  0.2  0.15]]  ->  0
[[0.1 0.2 0.2]]  ->  0
[[0.15 0.05 0.05]]  ->  0
[[0.15 0.05 0.1 ]]  ->  0
[[0.15 0.05 0.15]]  ->  0
[[0.15 0.05 0.2 ]]  ->  0
[[0.15 0.1  0.05]]  ->  0
[[0.15 0.1  0.1 ]]  ->  0
[[0.15 0.1  0.15]]  ->  0
[[0.15 0.1  0.2 ]]  ->  0
[[0.15 0.15 0.05]]  ->  0
[[0.15 0.15 0.1 ]]  ->  0
[[0.15 0.15 0.15]]  ->  0
[[0.15 0.15 0.2 ]]  ->  0
[[0.15 0.2  0.05]]  ->  0
[[0.15 0.2  0.1 ]]  ->  0
[[0.15 0.2  0.15]]  ->  0
[[0.15 0.2  0.2 ]]  ->  0
[[0.2  0.05 0.05]]  ->  0
[[0.2  0.05 0.1 ]]  ->  0
[[0.2  0.05 0.15]]  ->  0
[[0.2  0.05 0.2 ]]  ->  0
[[0.2  0.1  0.05]]  ->  0
[[0.2 0.1 0.1]]  ->  0
[[0.2  0.1  0.15]]  ->  0
[[0.2 0.1 0.2]]  ->  0
[[0.2  0.15 0.05]]  ->  0
[[0.2  0.15 0.1 ]]  ->  0
[[0.2  0.15 0.15]]  ->  0
[[0.2  0.15 0.2 ]]  ->  0
[[0.2  0.2  0.05]]  ->  0
[[0.2 0.2 0.1]]  ->  0
[[0.2  0.2  0.15]]  ->  0
[[0.2 0.2 0.2]]  ->  0

Q VALUES for  800
[[0.05 0.05 0.05]]  ->  0
[[0.05 0.05 0.1 ]]  ->  0
[[0.05 0.05 0.15]]  ->  0
[[0.05 0.05 0.2 ]]  ->  0
[[0.05 0.1  0.05]]  ->  0
[[0.05 0.1  0.1 ]]  ->  0
[[0.05 0.1  0.15]]  ->  0
[[0.05 0.1  0.2 ]]  ->  0
[[0.05 0.15 0.05]]  ->  0
[[0.05 0.15 0.1 ]]  ->  0
[[0.05 0.15 0.15]]  ->  0
[[0.05 0.15 0.2 ]]  ->  0
[[0.05 0.2  0.05]]  ->  0
[[0.05 0.2  0.1 ]]  ->  0
[[0.05 0.2  0.15]]  ->  0
[[0.05 0.2  0.2 ]]  ->  0
[[0.1  0.05 0.05]]  ->  0
[[0.1  0.05 0.1 ]]  ->  0
[[0.1  0.05 0.15]]  ->  0
[[0.1  0.05 0.2 ]]  ->  0
[[0.1  0.1  0.05]]  ->  0
[[0.1 0.1 0.1]]  ->  0
[[0.1  0.1  0.15]]  ->  0
[[0.1 0.1 0.2]]  ->  0
[[0.1  0.15 0.05]]  ->  0
[[0.1  0.15 0.1 ]]  ->  0
[[0.1  0.15 0.15]]  ->  0
[[0.1  0.15 0.2 ]]  ->  0
[[0.1  0.2  0.05]]  ->  0
[[0.1 0.2 0.1]]  ->  0
[[0.1  0.2  0.15]]  ->  0
[[0.1 0.2 0.2]]  ->  0
[[0.15 0.05 0.05]]  ->  0
[[0.15 0.05 0.1 ]]  ->  0
[[0.15 0.05 0.15]]  ->  0
[[0.15 0.05 0.2 ]]  ->  0
[[0.15 0.1  0.05]]  ->  0
[[0.15 0.1  0.1 ]]  ->  0
[[0.15 0.1  0.15]]  ->  0
[[0.15 0.1  0.2 ]]  ->  0
[[0.15 0.15 0.05]]  ->  0
[[0.15 0.15 0.1 ]]  ->  0
[[0.15 0.15 0.15]]  ->  0
[[0.15 0.15 0.2 ]]  ->  0
[[0.15 0.2  0.05]]  ->  0
[[0.15 0.2  0.1 ]]  ->  0
[[0.15 0.2  0.15]]  ->  0
[[0.15 0.2  0.2 ]]  ->  0
[[0.2  0.05 0.05]]  ->  0
[[0.2  0.05 0.1 ]]  ->  0
[[0.2  0.05 0.15]]  ->  0
[[0.2  0.05 0.2 ]]  ->  0
[[0.2  0.1  0.05]]  ->  0
[[0.2 0.1 0.1]]  ->  0
[[0.2  0.1  0.15]]  ->  0
[[0.2 0.1 0.2]]  ->  0
[[0.2  0.15 0.05]]  ->  0
[[0.2  0.15 0.1 ]]  ->  0
[[0.2  0.15 0.15]]  ->  0
[[0.2  0.15 0.2 ]]  ->  0
[[0.2  0.2  0.05]]  ->  0
[[0.2 0.2 0.1]]  ->  0
[[0.2  0.2  0.15]]  ->  0
[[0.2 0.2 0.2]]  ->  0

Q VALUES for  850
[[0.05 0.05 0.05]]  ->  0
[[0.05 0.05 0.1 ]]  ->  0
[[0.05 0.05 0.15]]  ->  0
[[0.05 0.05 0.2 ]]  ->  0
[[0.05 0.1  0.05]]  ->  0
[[0.05 0.1  0.1 ]]  ->  0
[[0.05 0.1  0.15]]  ->  0
[[0.05 0.1  0.2 ]]  ->  0
[[0.05 0.15 0.05]]  ->  0
[[0.05 0.15 0.1 ]]  ->  0
[[0.05 0.15 0.15]]  ->  0
[[0.05 0.15 0.2 ]]  ->  0
[[0.05 0.2  0.05]]  ->  0
[[0.05 0.2  0.1 ]]  ->  0
[[0.05 0.2  0.15]]  ->  0
[[0.05 0.2  0.2 ]]  ->  0
[[0.1  0.05 0.05]]  ->  0
[[0.1  0.05 0.1 ]]  ->  0
[[0.1  0.05 0.15]]  ->  0
[[0.1  0.05 0.2 ]]  ->  0
[[0.1  0.1  0.05]]  ->  0
[[0.1 0.1 0.1]]  ->  0
[[0.1  0.1  0.15]]  ->  0
[[0.1 0.1 0.2]]  ->  0
[[0.1  0.15 0.05]]  ->  0
[[0.1  0.15 0.1 ]]  ->  0
[[0.1  0.15 0.15]]  ->  0
[[0.1  0.15 0.2 ]]  ->  0
[[0.1  0.2  0.05]]  ->  0
[[0.1 0.2 0.1]]  ->  0
[[0.1  0.2  0.15]]  ->  0
[[0.1 0.2 0.2]]  ->  0
[[0.15 0.05 0.05]]  ->  0
[[0.15 0.05 0.1 ]]  ->  0
[[0.15 0.05 0.15]]  ->  0
[[0.15 0.05 0.2 ]]  ->  0
[[0.15 0.1  0.05]]  ->  0
[[0.15 0.1  0.1 ]]  ->  0
[[0.15 0.1  0.15]]  ->  0
[[0.15 0.1  0.2 ]]  ->  0
[[0.15 0.15 0.05]]  ->  0
[[0.15 0.15 0.1 ]]  ->  0
[[0.15 0.15 0.15]]  ->  0
[[0.15 0.15 0.2 ]]  ->  0
[[0.15 0.2  0.05]]  ->  0
[[0.15 0.2  0.1 ]]  ->  0
[[0.15 0.2  0.15]]  ->  0
[[0.15 0.2  0.2 ]]  ->  0
[[0.2  0.05 0.05]]  ->  0
[[0.2  0.05 0.1 ]]  ->  0
[[0.2  0.05 0.15]]  ->  0
[[0.2  0.05 0.2 ]]  ->  0
[[0.2  0.1  0.05]]  ->  0
[[0.2 0.1 0.1]]  ->  0
[[0.2  0.1  0.15]]  ->  0
[[0.2 0.1 0.2]]  ->  0
[[0.2  0.15 0.05]]  ->  0
[[0.2  0.15 0.1 ]]  ->  0
[[0.2  0.15 0.15]]  ->  0
[[0.2  0.15 0.2 ]]  ->  0
[[0.2  0.2  0.05]]  ->  0
[[0.2 0.2 0.1]]  ->  0
[[0.2  0.2  0.15]]  ->  0
[[0.2 0.2 0.2]]  ->  0

Q VALUES for  900
[[0.05 0.05 0.05]]  ->  0
[[0.05 0.05 0.1 ]]  ->  0
[[0.05 0.05 0.15]]  ->  0
[[0.05 0.05 0.2 ]]  ->  0
[[0.05 0.1  0.05]]  ->  0
[[0.05 0.1  0.1 ]]  ->  0
[[0.05 0.1  0.15]]  ->  0
[[0.05 0.1  0.2 ]]  ->  0
[[0.05 0.15 0.05]]  ->  0
[[0.05 0.15 0.1 ]]  ->  0
[[0.05 0.15 0.15]]  ->  0
[[0.05 0.15 0.2 ]]  ->  0
[[0.05 0.2  0.05]]  ->  0
[[0.05 0.2  0.1 ]]  ->  0
[[0.05 0.2  0.15]]  ->  0
[[0.05 0.2  0.2 ]]  ->  0
[[0.1  0.05 0.05]]  ->  0
[[0.1  0.05 0.1 ]]  ->  0
[[0.1  0.05 0.15]]  ->  0
[[0.1  0.05 0.2 ]]  ->  0
[[0.1  0.1  0.05]]  ->  0
[[0.1 0.1 0.1]]  ->  0
[[0.1  0.1  0.15]]  ->  0
[[0.1 0.1 0.2]]  ->  0
[[0.1  0.15 0.05]]  ->  0
[[0.1  0.15 0.1 ]]  ->  0
[[0.1  0.15 0.15]]  ->  0
[[0.1  0.15 0.2 ]]  ->  0
[[0.1  0.2  0.05]]  ->  0
[[0.1 0.2 0.1]]  ->  0
[[0.1  0.2  0.15]]  ->  0
[[0.1 0.2 0.2]]  ->  0
[[0.15 0.05 0.05]]  ->  0
[[0.15 0.05 0.1 ]]  ->  0
[[0.15 0.05 0.15]]  ->  0
[[0.15 0.05 0.2 ]]  ->  0
[[0.15 0.1  0.05]]  ->  0
[[0.15 0.1  0.1 ]]  ->  0
[[0.15 0.1  0.15]]  ->  0
[[0.15 0.1  0.2 ]]  ->  0
[[0.15 0.15 0.05]]  ->  0
[[0.15 0.15 0.1 ]]  ->  0
[[0.15 0.15 0.15]]  ->  0
[[0.15 0.15 0.2 ]]  ->  0
[[0.15 0.2  0.05]]  ->  0
[[0.15 0.2  0.1 ]]  ->  0
[[0.15 0.2  0.15]]  ->  0
[[0.15 0.2  0.2 ]]  ->  0
[[0.2  0.05 0.05]]  ->  0
[[0.2  0.05 0.1 ]]  ->  0
[[0.2  0.05 0.15]]  ->  0
[[0.2  0.05 0.2 ]]  ->  0
[[0.2  0.1  0.05]]  ->  0
[[0.2 0.1 0.1]]  ->  0
[[0.2  0.1  0.15]]  ->  0
[[0.2 0.1 0.2]]  ->  0
[[0.2  0.15 0.05]]  ->  0
[[0.2  0.15 0.1 ]]  ->  0
[[0.2  0.15 0.15]]  ->  0
[[0.2  0.15 0.2 ]]  ->  0
[[0.2  0.2  0.05]]  ->  0
[[0.2 0.2 0.1]]  ->  0
[[0.2  0.2  0.15]]  ->  0
[[0.2 0.2 0.2]]  ->  0

Q VALUES for  950
[[0.05 0.05 0.05]]  ->  0
[[0.05 0.05 0.1 ]]  ->  0
[[0.05 0.05 0.15]]  ->  0
[[0.05 0.05 0.2 ]]  ->  0
[[0.05 0.1  0.05]]  ->  0
[[0.05 0.1  0.1 ]]  ->  0
[[0.05 0.1  0.15]]  ->  0
[[0.05 0.1  0.2 ]]  ->  0
[[0.05 0.15 0.05]]  ->  0
[[0.05 0.15 0.1 ]]  ->  0
[[0.05 0.15 0.15]]  ->  0
[[0.05 0.15 0.2 ]]  ->  0
[[0.05 0.2  0.05]]  ->  0
[[0.05 0.2  0.1 ]]  ->  0
[[0.05 0.2  0.15]]  ->  0
[[0.05 0.2  0.2 ]]  ->  0
[[0.1  0.05 0.05]]  ->  0
[[0.1  0.05 0.1 ]]  ->  0
[[0.1  0.05 0.15]]  ->  0
[[0.1  0.05 0.2 ]]  ->  0
[[0.1  0.1  0.05]]  ->  0
[[0.1 0.1 0.1]]  ->  0
[[0.1  0.1  0.15]]  ->  0
[[0.1 0.1 0.2]]  ->  0
[[0.1  0.15 0.05]]  ->  0
[[0.1  0.15 0.1 ]]  ->  0
[[0.1  0.15 0.15]]  ->  0
[[0.1  0.15 0.2 ]]  ->  0
[[0.1  0.2  0.05]]  ->  0
[[0.1 0.2 0.1]]  ->  0
[[0.1  0.2  0.15]]  ->  0
[[0.1 0.2 0.2]]  ->  0
[[0.15 0.05 0.05]]  ->  0
[[0.15 0.05 0.1 ]]  ->  0
[[0.15 0.05 0.15]]  ->  0
[[0.15 0.05 0.2 ]]  ->  0
[[0.15 0.1  0.05]]  ->  0
[[0.15 0.1  0.1 ]]  ->  0
[[0.15 0.1  0.15]]  ->  0
[[0.15 0.1  0.2 ]]  ->  0
[[0.15 0.15 0.05]]  ->  0
[[0.15 0.15 0.1 ]]  ->  0
[[0.15 0.15 0.15]]  ->  0
[[0.15 0.15 0.2 ]]  ->  0
[[0.15 0.2  0.05]]  ->  0
[[0.15 0.2  0.1 ]]  ->  0
[[0.15 0.2  0.15]]  ->  0
[[0.15 0.2  0.2 ]]  ->  0
[[0.2  0.05 0.05]]  ->  0
[[0.2  0.05 0.1 ]]  ->  0
[[0.2  0.05 0.15]]  ->  0
[[0.2  0.05 0.2 ]]  ->  0
[[0.2  0.1  0.05]]  ->  0
[[0.2 0.1 0.1]]  ->  0
[[0.2  0.1  0.15]]  ->  0
[[0.2 0.1 0.2]]  ->  0
[[0.2  0.15 0.05]]  ->  0
[[0.2  0.15 0.1 ]]  ->  0
[[0.2  0.15 0.15]]  ->  0
[[0.2  0.15 0.2 ]]  ->  0
[[0.2  0.2  0.05]]  ->  0
[[0.2 0.2 0.1]]  ->  0
[[0.2  0.2  0.15]]  ->  0
[[0.2 0.2 0.2]]  ->  0

Q VALUES for  1000
[[0.05 0.05 0.05]]  ->  0
[[0.05 0.05 0.1 ]]  ->  0
[[0.05 0.05 0.15]]  ->  0
[[0.05 0.05 0.2 ]]  ->  0
[[0.05 0.1  0.05]]  ->  0
[[0.05 0.1  0.1 ]]  ->  0
[[0.05 0.1  0.15]]  ->  0
[[0.05 0.1  0.2 ]]  ->  0
[[0.05 0.15 0.05]]  ->  0
[[0.05 0.15 0.1 ]]  ->  0
[[0.05 0.15 0.15]]  ->  0
[[0.05 0.15 0.2 ]]  ->  0
[[0.05 0.2  0.05]]  ->  0
[[0.05 0.2  0.1 ]]  ->  0
[[0.05 0.2  0.15]]  ->  0
[[0.05 0.2  0.2 ]]  ->  0
[[0.1  0.05 0.05]]  ->  0
[[0.1  0.05 0.1 ]]  ->  0
[[0.1  0.05 0.15]]  ->  0
[[0.1  0.05 0.2 ]]  ->  0
[[0.1  0.1  0.05]]  ->  0
[[0.1 0.1 0.1]]  ->  0
[[0.1  0.1  0.15]]  ->  0
[[0.1 0.1 0.2]]  ->  0
[[0.1  0.15 0.05]]  ->  0
[[0.1  0.15 0.1 ]]  ->  0
[[0.1  0.15 0.15]]  ->  0
[[0.1  0.15 0.2 ]]  ->  0
[[0.1  0.2  0.05]]  ->  0
[[0.1 0.2 0.1]]  ->  0
[[0.1  0.2  0.15]]  ->  0
[[0.1 0.2 0.2]]  ->  0
[[0.15 0.05 0.05]]  ->  0
[[0.15 0.05 0.1 ]]  ->  0
[[0.15 0.05 0.15]]  ->  0
[[0.15 0.05 0.2 ]]  ->  0
[[0.15 0.1  0.05]]  ->  0
[[0.15 0.1  0.1 ]]  ->  0
[[0.15 0.1  0.15]]  ->  0
[[0.15 0.1  0.2 ]]  ->  0
[[0.15 0.15 0.05]]  ->  0
[[0.15 0.15 0.1 ]]  ->  0
[[0.15 0.15 0.15]]  ->  0
[[0.15 0.15 0.2 ]]  ->  0
[[0.15 0.2  0.05]]  ->  0
[[0.15 0.2  0.1 ]]  ->  0
[[0.15 0.2  0.15]]  ->  0
[[0.15 0.2  0.2 ]]  ->  0
[[0.2  0.05 0.05]]  ->  0
[[0.2  0.05 0.1 ]]  ->  0
[[0.2  0.05 0.15]]  ->  0
[[0.2  0.05 0.2 ]]  ->  0
[[0.2  0.1  0.05]]  ->  0
[[0.2 0.1 0.1]]  ->  0
[[0.2  0.1  0.15]]  ->  0
[[0.2 0.1 0.2]]  ->  0
[[0.2  0.15 0.05]]  ->  0
[[0.2  0.15 0.1 ]]  ->  0
[[0.2  0.15 0.15]]  ->  0
[[0.2  0.15 0.2 ]]  ->  0
[[0.2  0.2  0.05]]  ->  0
[[0.2 0.2 0.1]]  ->  0
[[0.2  0.2  0.15]]  ->  0
[[0.2 0.2 0.2]]  ->  0

Q VALUES for  1050
[[0.05 0.05 0.05]]  ->  0
[[0.05 0.05 0.1 ]]  ->  0
[[0.05 0.05 0.15]]  ->  0
[[0.05 0.05 0.2 ]]  ->  0
[[0.05 0.1  0.05]]  ->  0
[[0.05 0.1  0.1 ]]  ->  0
[[0.05 0.1  0.15]]  ->  0
[[0.05 0.1  0.2 ]]  ->  0
[[0.05 0.15 0.05]]  ->  0
[[0.05 0.15 0.1 ]]  ->  0
[[0.05 0.15 0.15]]  ->  0
[[0.05 0.15 0.2 ]]  ->  0
[[0.05 0.2  0.05]]  ->  0
[[0.05 0.2  0.1 ]]  ->  0
[[0.05 0.2  0.15]]  ->  0
[[0.05 0.2  0.2 ]]  ->  0
[[0.1  0.05 0.05]]  ->  0
[[0.1  0.05 0.1 ]]  ->  0
[[0.1  0.05 0.15]]  ->  0
[[0.1  0.05 0.2 ]]  ->  0
[[0.1  0.1  0.05]]  ->  0
[[0.1 0.1 0.1]]  ->  0
[[0.1  0.1  0.15]]  ->  0
[[0.1 0.1 0.2]]  ->  0
[[0.1  0.15 0.05]]  ->  0
[[0.1  0.15 0.1 ]]  ->  0
[[0.1  0.15 0.15]]  ->  0
[[0.1  0.15 0.2 ]]  ->  0
[[0.1  0.2  0.05]]  ->  0
[[0.1 0.2 0.1]]  ->  0
[[0.1  0.2  0.15]]  ->  0
[[0.1 0.2 0.2]]  ->  0
[[0.15 0.05 0.05]]  ->  0
[[0.15 0.05 0.1 ]]  ->  0
[[0.15 0.05 0.15]]  ->  0
[[0.15 0.05 0.2 ]]  ->  0
[[0.15 0.1  0.05]]  ->  0
[[0.15 0.1  0.1 ]]  ->  0
[[0.15 0.1  0.15]]  ->  0
[[0.15 0.1  0.2 ]]  ->  0
[[0.15 0.15 0.05]]  ->  0
[[0.15 0.15 0.1 ]]  ->  0
[[0.15 0.15 0.15]]  ->  0
[[0.15 0.15 0.2 ]]  ->  0
[[0.15 0.2  0.05]]  ->  0
[[0.15 0.2  0.1 ]]  ->  0
[[0.15 0.2  0.15]]  ->  0
[[0.15 0.2  0.2 ]]  ->  0
[[0.2  0.05 0.05]]  ->  0
[[0.2  0.05 0.1 ]]  ->  0
[[0.2  0.05 0.15]]  ->  0
[[0.2  0.05 0.2 ]]  ->  0
[[0.2  0.1  0.05]]  ->  0
[[0.2 0.1 0.1]]  ->  0
[[0.2  0.1  0.15]]  ->  0
[[0.2 0.1 0.2]]  ->  0
[[0.2  0.15 0.05]]  ->  0
[[0.2  0.15 0.1 ]]  ->  0
[[0.2  0.15 0.15]]  ->  0
[[0.2  0.15 0.2 ]]  ->  0
[[0.2  0.2  0.05]]  ->  0
[[0.2 0.2 0.1]]  ->  0
[[0.2  0.2  0.15]]  ->  0
[[0.2 0.2 0.2]]  ->  0

Q VALUES for  1100
[[0.05 0.05 0.05]]  ->  0
[[0.05 0.05 0.1 ]]  ->  0
[[0.05 0.05 0.15]]  ->  0
[[0.05 0.05 0.2 ]]  ->  0
[[0.05 0.1  0.05]]  ->  0
[[0.05 0.1  0.1 ]]  ->  0
[[0.05 0.1  0.15]]  ->  0
[[0.05 0.1  0.2 ]]  ->  0
[[0.05 0.15 0.05]]  ->  0
[[0.05 0.15 0.1 ]]  ->  0
[[0.05 0.15 0.15]]  ->  0
[[0.05 0.15 0.2 ]]  ->  0
[[0.05 0.2  0.05]]  ->  0
[[0.05 0.2  0.1 ]]  ->  0
[[0.05 0.2  0.15]]  ->  0
[[0.05 0.2  0.2 ]]  ->  0
[[0.1  0.05 0.05]]  ->  0
[[0.1  0.05 0.1 ]]  ->  0
[[0.1  0.05 0.15]]  ->  0
[[0.1  0.05 0.2 ]]  ->  0
[[0.1  0.1  0.05]]  ->  0
[[0.1 0.1 0.1]]  ->  0
[[0.1  0.1  0.15]]  ->  0
[[0.1 0.1 0.2]]  ->  0
[[0.1  0.15 0.05]]  ->  0
[[0.1  0.15 0.1 ]]  ->  0
[[0.1  0.15 0.15]]  ->  0
[[0.1  0.15 0.2 ]]  ->  0
[[0.1  0.2  0.05]]  ->  0
[[0.1 0.2 0.1]]  ->  0
[[0.1  0.2  0.15]]  ->  0
[[0.1 0.2 0.2]]  ->  0
[[0.15 0.05 0.05]]  ->  0
[[0.15 0.05 0.1 ]]  ->  0
[[0.15 0.05 0.15]]  ->  0
[[0.15 0.05 0.2 ]]  ->  0
[[0.15 0.1  0.05]]  ->  0
[[0.15 0.1  0.1 ]]  ->  0
[[0.15 0.1  0.15]]  ->  0
[[0.15 0.1  0.2 ]]  ->  0
[[0.15 0.15 0.05]]  ->  0
[[0.15 0.15 0.1 ]]  ->  0
[[0.15 0.15 0.15]]  ->  0
[[0.15 0.15 0.2 ]]  ->  0
[[0.15 0.2  0.05]]  ->  0
[[0.15 0.2  0.1 ]]  ->  0
[[0.15 0.2  0.15]]  ->  0
[[0.15 0.2  0.2 ]]  ->  0
[[0.2  0.05 0.05]]  ->  0
[[0.2  0.05 0.1 ]]  ->  0
[[0.2  0.05 0.15]]  ->  0
[[0.2  0.05 0.2 ]]  ->  0
[[0.2  0.1  0.05]]  ->  0
[[0.2 0.1 0.1]]  ->  0
[[0.2  0.1  0.15]]  ->  0
[[0.2 0.1 0.2]]  ->  0
[[0.2  0.15 0.05]]  ->  0
[[0.2  0.15 0.1 ]]  ->  0
[[0.2  0.15 0.15]]  ->  0
[[0.2  0.15 0.2 ]]  ->  0
[[0.2  0.2  0.05]]  ->  0
[[0.2 0.2 0.1]]  ->  0
[[0.2  0.2  0.15]]  ->  0
[[0.2 0.2 0.2]]  ->  0

Q VALUES for  1150
[[0.05 0.05 0.05]]  ->  0
[[0.05 0.05 0.1 ]]  ->  0
[[0.05 0.05 0.15]]  ->  0
[[0.05 0.05 0.2 ]]  ->  0
[[0.05 0.1  0.05]]  ->  0
[[0.05 0.1  0.1 ]]  ->  0
[[0.05 0.1  0.15]]  ->  0
[[0.05 0.1  0.2 ]]  ->  0
[[0.05 0.15 0.05]]  ->  0
[[0.05 0.15 0.1 ]]  ->  0
[[0.05 0.15 0.15]]  ->  0
[[0.05 0.15 0.2 ]]  ->  0
[[0.05 0.2  0.05]]  ->  0
[[0.05 0.2  0.1 ]]  ->  0
[[0.05 0.2  0.15]]  ->  0
[[0.05 0.2  0.2 ]]  ->  0
[[0.1  0.05 0.05]]  ->  0
[[0.1  0.05 0.1 ]]  ->  0
[[0.1  0.05 0.15]]  ->  0
[[0.1  0.05 0.2 ]]  ->  0
[[0.1  0.1  0.05]]  ->  0
[[0.1 0.1 0.1]]  ->  0
[[0.1  0.1  0.15]]  ->  0
[[0.1 0.1 0.2]]  ->  0
[[0.1  0.15 0.05]]  ->  0
[[0.1  0.15 0.1 ]]  ->  0
[[0.1  0.15 0.15]]  ->  0
[[0.1  0.15 0.2 ]]  ->  0
[[0.1  0.2  0.05]]  ->  0
[[0.1 0.2 0.1]]  ->  0
[[0.1  0.2  0.15]]  ->  0
[[0.1 0.2 0.2]]  ->  0
[[0.15 0.05 0.05]]  ->  0
[[0.15 0.05 0.1 ]]  ->  0
[[0.15 0.05 0.15]]  ->  0
[[0.15 0.05 0.2 ]]  ->  0
[[0.15 0.1  0.05]]  ->  0
[[0.15 0.1  0.1 ]]  ->  0
[[0.15 0.1  0.15]]  ->  0
[[0.15 0.1  0.2 ]]  ->  0
[[0.15 0.15 0.05]]  ->  0
[[0.15 0.15 0.1 ]]  ->  0
[[0.15 0.15 0.15]]  ->  0
[[0.15 0.15 0.2 ]]  ->  0
[[0.15 0.2  0.05]]  ->  0
[[0.15 0.2  0.1 ]]  ->  0
[[0.15 0.2  0.15]]  ->  0
[[0.15 0.2  0.2 ]]  ->  0
[[0.2  0.05 0.05]]  ->  0
[[0.2  0.05 0.1 ]]  ->  0
[[0.2  0.05 0.15]]  ->  0
[[0.2  0.05 0.2 ]]  ->  0
[[0.2  0.1  0.05]]  ->  0
[[0.2 0.1 0.1]]  ->  0
[[0.2  0.1  0.15]]  ->  0
[[0.2 0.1 0.2]]  ->  0
[[0.2  0.15 0.05]]  ->  0
[[0.2  0.15 0.1 ]]  ->  0
[[0.2  0.15 0.15]]  ->  0
[[0.2  0.15 0.2 ]]  ->  0
[[0.2  0.2  0.05]]  ->  0
[[0.2 0.2 0.1]]  ->  0
[[0.2  0.2  0.15]]  ->  0
[[0.2 0.2 0.2]]  ->  0

Q VALUES for  1200
[[0.05 0.05 0.05]]  ->  0
[[0.05 0.05 0.1 ]]  ->  0
[[0.05 0.05 0.15]]  ->  0
[[0.05 0.05 0.2 ]]  ->  0
[[0.05 0.1  0.05]]  ->  0
[[0.05 0.1  0.1 ]]  ->  0
[[0.05 0.1  0.15]]  ->  0
[[0.05 0.1  0.2 ]]  ->  0
[[0.05 0.15 0.05]]  ->  0
[[0.05 0.15 0.1 ]]  ->  0
[[0.05 0.15 0.15]]  ->  0
[[0.05 0.15 0.2 ]]  ->  0
[[0.05 0.2  0.05]]  ->  0
[[0.05 0.2  0.1 ]]  ->  0
[[0.05 0.2  0.15]]  ->  0
[[0.05 0.2  0.2 ]]  ->  0
[[0.1  0.05 0.05]]  ->  0
[[0.1  0.05 0.1 ]]  ->  0
[[0.1  0.05 0.15]]  ->  0
[[0.1  0.05 0.2 ]]  ->  0
[[0.1  0.1  0.05]]  ->  0
[[0.1 0.1 0.1]]  ->  0
[[0.1  0.1  0.15]]  ->  0
[[0.1 0.1 0.2]]  ->  0
[[0.1  0.15 0.05]]  ->  0
[[0.1  0.15 0.1 ]]  ->  0
[[0.1  0.15 0.15]]  ->  0
[[0.1  0.15 0.2 ]]  ->  0
[[0.1  0.2  0.05]]  ->  0
[[0.1 0.2 0.1]]  ->  0
[[0.1  0.2  0.15]]  ->  0
[[0.1 0.2 0.2]]  ->  0
[[0.15 0.05 0.05]]  ->  0
[[0.15 0.05 0.1 ]]  ->  0
[[0.15 0.05 0.15]]  ->  0
[[0.15 0.05 0.2 ]]  ->  0
[[0.15 0.1  0.05]]  ->  0
[[0.15 0.1  0.1 ]]  ->  0
[[0.15 0.1  0.15]]  ->  0
[[0.15 0.1  0.2 ]]  ->  0
[[0.15 0.15 0.05]]  ->  0
[[0.15 0.15 0.1 ]]  ->  0
[[0.15 0.15 0.15]]  ->  0
[[0.15 0.15 0.2 ]]  ->  0
[[0.15 0.2  0.05]]  ->  0
[[0.15 0.2  0.1 ]]  ->  0
[[0.15 0.2  0.15]]  ->  0
[[0.15 0.2  0.2 ]]  ->  0
[[0.2  0.05 0.05]]  ->  0
[[0.2  0.05 0.1 ]]  ->  0
[[0.2  0.05 0.15]]  ->  0
[[0.2  0.05 0.2 ]]  ->  0
[[0.2  0.1  0.05]]  ->  0
[[0.2 0.1 0.1]]  ->  0
[[0.2  0.1  0.15]]  ->  0
[[0.2 0.1 0.2]]  ->  0
[[0.2  0.15 0.05]]  ->  0
[[0.2  0.15 0.1 ]]  ->  0
[[0.2  0.15 0.15]]  ->  0
[[0.2  0.15 0.2 ]]  ->  0
[[0.2  0.2  0.05]]  ->  0
[[0.2 0.2 0.1]]  ->  0
[[0.2  0.2  0.15]]  ->  0
[[0.2 0.2 0.2]]  ->  0

Q VALUES for  1250
[[0.05 0.05 0.05]]  ->  0
[[0.05 0.05 0.1 ]]  ->  0
[[0.05 0.05 0.15]]  ->  0
[[0.05 0.05 0.2 ]]  ->  0
[[0.05 0.1  0.05]]  ->  0
[[0.05 0.1  0.1 ]]  ->  0
[[0.05 0.1  0.15]]  ->  0
[[0.05 0.1  0.2 ]]  ->  0
[[0.05 0.15 0.05]]  ->  0
[[0.05 0.15 0.1 ]]  ->  0
[[0.05 0.15 0.15]]  ->  0
[[0.05 0.15 0.2 ]]  ->  0
[[0.05 0.2  0.05]]  ->  0
[[0.05 0.2  0.1 ]]  ->  0
[[0.05 0.2  0.15]]  ->  0
[[0.05 0.2  0.2 ]]  ->  0
[[0.1  0.05 0.05]]  ->  0
[[0.1  0.05 0.1 ]]  ->  0
[[0.1  0.05 0.15]]  ->  0
[[0.1  0.05 0.2 ]]  ->  0
[[0.1  0.1  0.05]]  ->  0
[[0.1 0.1 0.1]]  ->  0
[[0.1  0.1  0.15]]  ->  0
[[0.1 0.1 0.2]]  ->  0
[[0.1  0.15 0.05]]  ->  0
[[0.1  0.15 0.1 ]]  ->  0
[[0.1  0.15 0.15]]  ->  0
[[0.1  0.15 0.2 ]]  ->  0
[[0.1  0.2  0.05]]  ->  0
[[0.1 0.2 0.1]]  ->  0
[[0.1  0.2  0.15]]  ->  0
[[0.1 0.2 0.2]]  ->  0
[[0.15 0.05 0.05]]  ->  0
[[0.15 0.05 0.1 ]]  ->  0
[[0.15 0.05 0.15]]  ->  0
[[0.15 0.05 0.2 ]]  ->  0
[[0.15 0.1  0.05]]  ->  0
[[0.15 0.1  0.1 ]]  ->  0
[[0.15 0.1  0.15]]  ->  0
[[0.15 0.1  0.2 ]]  ->  0
[[0.15 0.15 0.05]]  ->  0
[[0.15 0.15 0.1 ]]  ->  0
[[0.15 0.15 0.15]]  ->  0
[[0.15 0.15 0.2 ]]  ->  0
[[0.15 0.2  0.05]]  ->  0
[[0.15 0.2  0.1 ]]  ->  0
[[0.15 0.2  0.15]]  ->  0
[[0.15 0.2  0.2 ]]  ->  0
[[0.2  0.05 0.05]]  ->  0
[[0.2  0.05 0.1 ]]  ->  0
[[0.2  0.05 0.15]]  ->  0
[[0.2  0.05 0.2 ]]  ->  0
[[0.2  0.1  0.05]]  ->  0
[[0.2 0.1 0.1]]  ->  0
[[0.2  0.1  0.15]]  ->  0
[[0.2 0.1 0.2]]  ->  0
[[0.2  0.15 0.05]]  ->  0
[[0.2  0.15 0.1 ]]  ->  0
[[0.2  0.15 0.15]]  ->  0
[[0.2  0.15 0.2 ]]  ->  0
[[0.2  0.2  0.05]]  ->  0
[[0.2 0.2 0.1]]  ->  0
[[0.2  0.2  0.15]]  ->  0
[[0.2 0.2 0.2]]  ->  0

Q VALUES for  1300
[[0.05 0.05 0.05]]  ->  0
[[0.05 0.05 0.1 ]]  ->  0
[[0.05 0.05 0.15]]  ->  0
[[0.05 0.05 0.2 ]]  ->  0
[[0.05 0.1  0.05]]  ->  0
[[0.05 0.1  0.1 ]]  ->  0
[[0.05 0.1  0.15]]  ->  0
[[0.05 0.1  0.2 ]]  ->  0
[[0.05 0.15 0.05]]  ->  0
[[0.05 0.15 0.1 ]]  ->  0
[[0.05 0.15 0.15]]  ->  0
[[0.05 0.15 0.2 ]]  ->  0
[[0.05 0.2  0.05]]  ->  0
[[0.05 0.2  0.1 ]]  ->  0
[[0.05 0.2  0.15]]  ->  0
[[0.05 0.2  0.2 ]]  ->  0
[[0.1  0.05 0.05]]  ->  0
[[0.1  0.05 0.1 ]]  ->  0
[[0.1  0.05 0.15]]  ->  0
[[0.1  0.05 0.2 ]]  ->  0
[[0.1  0.1  0.05]]  ->  0
[[0.1 0.1 0.1]]  ->  0
[[0.1  0.1  0.15]]  ->  0
[[0.1 0.1 0.2]]  ->  0
[[0.1  0.15 0.05]]  ->  0
[[0.1  0.15 0.1 ]]  ->  0
[[0.1  0.15 0.15]]  ->  0
[[0.1  0.15 0.2 ]]  ->  0
[[0.1  0.2  0.05]]  ->  0
[[0.1 0.2 0.1]]  ->  0
[[0.1  0.2  0.15]]  ->  0
[[0.1 0.2 0.2]]  ->  0
[[0.15 0.05 0.05]]  ->  0
[[0.15 0.05 0.1 ]]  ->  0
[[0.15 0.05 0.15]]  ->  0
[[0.15 0.05 0.2 ]]  ->  0
[[0.15 0.1  0.05]]  ->  0
[[0.15 0.1  0.1 ]]  ->  0
[[0.15 0.1  0.15]]  ->  0
[[0.15 0.1  0.2 ]]  ->  0
[[0.15 0.15 0.05]]  ->  0
[[0.15 0.15 0.1 ]]  ->  0
[[0.15 0.15 0.15]]  ->  0
[[0.15 0.15 0.2 ]]  ->  0
[[0.15 0.2  0.05]]  ->  0
[[0.15 0.2  0.1 ]]  ->  0
[[0.15 0.2  0.15]]  ->  0
[[0.15 0.2  0.2 ]]  ->  0
[[0.2  0.05 0.05]]  ->  0
[[0.2  0.05 0.1 ]]  ->  0
[[0.2  0.05 0.15]]  ->  0
[[0.2  0.05 0.2 ]]  ->  0
[[0.2  0.1  0.05]]  ->  0
[[0.2 0.1 0.1]]  ->  0
[[0.2  0.1  0.15]]  ->  0
[[0.2 0.1 0.2]]  ->  0
[[0.2  0.15 0.05]]  ->  0
[[0.2  0.15 0.1 ]]  ->  0
[[0.2  0.15 0.15]]  ->  0
[[0.2  0.15 0.2 ]]  ->  0
[[0.2  0.2  0.05]]  ->  0
[[0.2 0.2 0.1]]  ->  0
[[0.2  0.2  0.15]]  ->  0
[[0.2 0.2 0.2]]  ->  0

Q VALUES for  1350
[[0.05 0.05 0.05]]  ->  0
[[0.05 0.05 0.1 ]]  ->  0
[[0.05 0.05 0.15]]  ->  0
[[0.05 0.05 0.2 ]]  ->  0
[[0.05 0.1  0.05]]  ->  0
[[0.05 0.1  0.1 ]]  ->  0
[[0.05 0.1  0.15]]  ->  0
[[0.05 0.1  0.2 ]]  ->  0
[[0.05 0.15 0.05]]  ->  0
[[0.05 0.15 0.1 ]]  ->  0
[[0.05 0.15 0.15]]  ->  0
[[0.05 0.15 0.2 ]]  ->  0
[[0.05 0.2  0.05]]  ->  0
[[0.05 0.2  0.1 ]]  ->  0
[[0.05 0.2  0.15]]  ->  0
[[0.05 0.2  0.2 ]]  ->  0
[[0.1  0.05 0.05]]  ->  0
[[0.1  0.05 0.1 ]]  ->  0
[[0.1  0.05 0.15]]  ->  0
[[0.1  0.05 0.2 ]]  ->  0
[[0.1  0.1  0.05]]  ->  0
[[0.1 0.1 0.1]]  ->  0
[[0.1  0.1  0.15]]  ->  0
[[0.1 0.1 0.2]]  ->  0
[[0.1  0.15 0.05]]  ->  0
[[0.1  0.15 0.1 ]]  ->  0
[[0.1  0.15 0.15]]  ->  0
[[0.1  0.15 0.2 ]]  ->  0
[[0.1  0.2  0.05]]  ->  0
[[0.1 0.2 0.1]]  ->  0
[[0.1  0.2  0.15]]  ->  0
[[0.1 0.2 0.2]]  ->  0
[[0.15 0.05 0.05]]  ->  0
[[0.15 0.05 0.1 ]]  ->  0
[[0.15 0.05 0.15]]  ->  0
[[0.15 0.05 0.2 ]]  ->  0
[[0.15 0.1  0.05]]  ->  0
[[0.15 0.1  0.1 ]]  ->  0
[[0.15 0.1  0.15]]  ->  0
[[0.15 0.1  0.2 ]]  ->  0
[[0.15 0.15 0.05]]  ->  0
[[0.15 0.15 0.1 ]]  ->  0
[[0.15 0.15 0.15]]  ->  0
[[0.15 0.15 0.2 ]]  ->  0
[[0.15 0.2  0.05]]  ->  0
[[0.15 0.2  0.1 ]]  ->  0
[[0.15 0.2  0.15]]  ->  0
[[0.15 0.2  0.2 ]]  ->  0
[[0.2  0.05 0.05]]  ->  0
[[0.2  0.05 0.1 ]]  ->  0
[[0.2  0.05 0.15]]  ->  0
[[0.2  0.05 0.2 ]]  ->  0
[[0.2  0.1  0.05]]  ->  0
[[0.2 0.1 0.1]]  ->  0
[[0.2  0.1  0.15]]  ->  0
[[0.2 0.1 0.2]]  ->  0
[[0.2  0.15 0.05]]  ->  0
[[0.2  0.15 0.1 ]]  ->  0
[[0.2  0.15 0.15]]  ->  0
[[0.2  0.15 0.2 ]]  ->  0
[[0.2  0.2  0.05]]  ->  0
[[0.2 0.2 0.1]]  ->  0
[[0.2  0.2  0.15]]  ->  0
[[0.2 0.2 0.2]]  ->  0

Q VALUES for  1400
[[0.05 0.05 0.05]]  ->  0
[[0.05 0.05 0.1 ]]  ->  0
[[0.05 0.05 0.15]]  ->  0
[[0.05 0.05 0.2 ]]  ->  0
[[0.05 0.1  0.05]]  ->  0
[[0.05 0.1  0.1 ]]  ->  0
[[0.05 0.1  0.15]]  ->  0
[[0.05 0.1  0.2 ]]  ->  0
[[0.05 0.15 0.05]]  ->  0
[[0.05 0.15 0.1 ]]  ->  0
[[0.05 0.15 0.15]]  ->  0
[[0.05 0.15 0.2 ]]  ->  0
[[0.05 0.2  0.05]]  ->  0
[[0.05 0.2  0.1 ]]  ->  0
[[0.05 0.2  0.15]]  ->  0
[[0.05 0.2  0.2 ]]  ->  0
[[0.1  0.05 0.05]]  ->  0
[[0.1  0.05 0.1 ]]  ->  0
[[0.1  0.05 0.15]]  ->  0
[[0.1  0.05 0.2 ]]  ->  0
[[0.1  0.1  0.05]]  ->  0
[[0.1 0.1 0.1]]  ->  0
[[0.1  0.1  0.15]]  ->  0
[[0.1 0.1 0.2]]  ->  0
[[0.1  0.15 0.05]]  ->  0
[[0.1  0.15 0.1 ]]  ->  0
[[0.1  0.15 0.15]]  ->  0
[[0.1  0.15 0.2 ]]  ->  0
[[0.1  0.2  0.05]]  ->  0
[[0.1 0.2 0.1]]  ->  0
[[0.1  0.2  0.15]]  ->  0
[[0.1 0.2 0.2]]  ->  0
[[0.15 0.05 0.05]]  ->  0
[[0.15 0.05 0.1 ]]  ->  0
[[0.15 0.05 0.15]]  ->  0
[[0.15 0.05 0.2 ]]  ->  0
[[0.15 0.1  0.05]]  ->  0
[[0.15 0.1  0.1 ]]  ->  0
[[0.15 0.1  0.15]]  ->  0
[[0.15 0.1  0.2 ]]  ->  0
[[0.15 0.15 0.05]]  ->  0
[[0.15 0.15 0.1 ]]  ->  0
[[0.15 0.15 0.15]]  ->  0
[[0.15 0.15 0.2 ]]  ->  0
[[0.15 0.2  0.05]]  ->  0
[[0.15 0.2  0.1 ]]  ->  0
[[0.15 0.2  0.15]]  ->  0
[[0.15 0.2  0.2 ]]  ->  0
[[0.2  0.05 0.05]]  ->  0
[[0.2  0.05 0.1 ]]  ->  0
[[0.2  0.05 0.15]]  ->  0
[[0.2  0.05 0.2 ]]  ->  0
[[0.2  0.1  0.05]]  ->  0
[[0.2 0.1 0.1]]  ->  0
[[0.2  0.1  0.15]]  ->  0
[[0.2 0.1 0.2]]  ->  0
[[0.2  0.15 0.05]]  ->  0
[[0.2  0.15 0.1 ]]  ->  0
[[0.2  0.15 0.15]]  ->  0
[[0.2  0.15 0.2 ]]  ->  0
[[0.2  0.2  0.05]]  ->  0
[[0.2 0.2 0.1]]  ->  0
[[0.2  0.2  0.15]]  ->  0
[[0.2 0.2 0.2]]  ->  0

Q VALUES for  1450
[[0.05 0.05 0.05]]  ->  0
[[0.05 0.05 0.1 ]]  ->  0
[[0.05 0.05 0.15]]  ->  0
[[0.05 0.05 0.2 ]]  ->  0
[[0.05 0.1  0.05]]  ->  0
[[0.05 0.1  0.1 ]]  ->  0
[[0.05 0.1  0.15]]  ->  0
[[0.05 0.1  0.2 ]]  ->  0
[[0.05 0.15 0.05]]  ->  0
[[0.05 0.15 0.1 ]]  ->  0
[[0.05 0.15 0.15]]  ->  0
[[0.05 0.15 0.2 ]]  ->  0
[[0.05 0.2  0.05]]  ->  0
[[0.05 0.2  0.1 ]]  ->  0
[[0.05 0.2  0.15]]  ->  0
[[0.05 0.2  0.2 ]]  ->  0
[[0.1  0.05 0.05]]  ->  0
[[0.1  0.05 0.1 ]]  ->  0
[[0.1  0.05 0.15]]  ->  0
[[0.1  0.05 0.2 ]]  ->  0
[[0.1  0.1  0.05]]  ->  0
[[0.1 0.1 0.1]]  ->  0
[[0.1  0.1  0.15]]  ->  0
[[0.1 0.1 0.2]]  ->  0
[[0.1  0.15 0.05]]  ->  0
[[0.1  0.15 0.1 ]]  ->  0
[[0.1  0.15 0.15]]  ->  0
[[0.1  0.15 0.2 ]]  ->  0
[[0.1  0.2  0.05]]  ->  0
[[0.1 0.2 0.1]]  ->  0
[[0.1  0.2  0.15]]  ->  0
[[0.1 0.2 0.2]]  ->  0
[[0.15 0.05 0.05]]  ->  0
[[0.15 0.05 0.1 ]]  ->  0
[[0.15 0.05 0.15]]  ->  0
[[0.15 0.05 0.2 ]]  ->  0
[[0.15 0.1  0.05]]  ->  0
[[0.15 0.1  0.1 ]]  ->  0
[[0.15 0.1  0.15]]  ->  0
[[0.15 0.1  0.2 ]]  ->  0
[[0.15 0.15 0.05]]  ->  0
[[0.15 0.15 0.1 ]]  ->  0
[[0.15 0.15 0.15]]  ->  0
[[0.15 0.15 0.2 ]]  ->  0
[[0.15 0.2  0.05]]  ->  0
[[0.15 0.2  0.1 ]]  ->  0
[[0.15 0.2  0.15]]  ->  0
[[0.15 0.2  0.2 ]]  ->  0
[[0.2  0.05 0.05]]  ->  0
[[0.2  0.05 0.1 ]]  ->  0
[[0.2  0.05 0.15]]  ->  0
[[0.2  0.05 0.2 ]]  ->  0
[[0.2  0.1  0.05]]  ->  0
[[0.2 0.1 0.1]]  ->  0
[[0.2  0.1  0.15]]  ->  0
[[0.2 0.1 0.2]]  ->  0
[[0.2  0.15 0.05]]  ->  0
[[0.2  0.15 0.1 ]]  ->  0
[[0.2  0.15 0.15]]  ->  0
[[0.2  0.15 0.2 ]]  ->  0
[[0.2  0.2  0.05]]  ->  0
[[0.2 0.2 0.1]]  ->  0
[[0.2  0.2  0.15]]  ->  0
[[0.2 0.2 0.2]]  ->  0

Q VALUES for  1500
[[0.05 0.05 0.05]]  ->  0
[[0.05 0.05 0.1 ]]  ->  0
[[0.05 0.05 0.15]]  ->  0
[[0.05 0.05 0.2 ]]  ->  0
[[0.05 0.1  0.05]]  ->  0
[[0.05 0.1  0.1 ]]  ->  0
[[0.05 0.1  0.15]]  ->  0
[[0.05 0.1  0.2 ]]  ->  0
[[0.05 0.15 0.05]]  ->  0
[[0.05 0.15 0.1 ]]  ->  0
[[0.05 0.15 0.15]]  ->  0
[[0.05 0.15 0.2 ]]  ->  0
[[0.05 0.2  0.05]]  ->  0
[[0.05 0.2  0.1 ]]  ->  0
[[0.05 0.2  0.15]]  ->  0
[[0.05 0.2  0.2 ]]  ->  0
[[0.1  0.05 0.05]]  ->  0
[[0.1  0.05 0.1 ]]  ->  0
[[0.1  0.05 0.15]]  ->  0
[[0.1  0.05 0.2 ]]  ->  0
[[0.1  0.1  0.05]]  ->  0
[[0.1 0.1 0.1]]  ->  0
[[0.1  0.1  0.15]]  ->  0
[[0.1 0.1 0.2]]  ->  0
[[0.1  0.15 0.05]]  ->  0
[[0.1  0.15 0.1 ]]  ->  0
[[0.1  0.15 0.15]]  ->  0
[[0.1  0.15 0.2 ]]  ->  0
[[0.1  0.2  0.05]]  ->  0
[[0.1 0.2 0.1]]  ->  0
[[0.1  0.2  0.15]]  ->  0
[[0.1 0.2 0.2]]  ->  0
[[0.15 0.05 0.05]]  ->  0
[[0.15 0.05 0.1 ]]  ->  0
[[0.15 0.05 0.15]]  ->  0
[[0.15 0.05 0.2 ]]  ->  0
[[0.15 0.1  0.05]]  ->  0
[[0.15 0.1  0.1 ]]  ->  0
[[0.15 0.1  0.15]]  ->  0
[[0.15 0.1  0.2 ]]  ->  0
[[0.15 0.15 0.05]]  ->  0
[[0.15 0.15 0.1 ]]  ->  0
[[0.15 0.15 0.15]]  ->  0
[[0.15 0.15 0.2 ]]  ->  0
[[0.15 0.2  0.05]]  ->  0
[[0.15 0.2  0.1 ]]  ->  0
[[0.15 0.2  0.15]]  ->  0
[[0.15 0.2  0.2 ]]  ->  0
[[0.2  0.05 0.05]]  ->  0
[[0.2  0.05 0.1 ]]  ->  0
[[0.2  0.05 0.15]]  ->  0
[[0.2  0.05 0.2 ]]  ->  0
[[0.2  0.1  0.05]]  ->  0
[[0.2 0.1 0.1]]  ->  0
[[0.2  0.1  0.15]]  ->  0
[[0.2 0.1 0.2]]  ->  0
[[0.2  0.15 0.05]]  ->  0
[[0.2  0.15 0.1 ]]  ->  0
[[0.2  0.15 0.15]]  ->  0
[[0.2  0.15 0.2 ]]  ->  0
[[0.2  0.2  0.05]]  ->  0
[[0.2 0.2 0.1]]  ->  0
[[0.2  0.2  0.15]]  ->  0
[[0.2 0.2 0.2]]  ->  0

Q VALUES for  1550
[[0.05 0.05 0.05]]  ->  0
[[0.05 0.05 0.1 ]]  ->  0
[[0.05 0.05 0.15]]  ->  0
[[0.05 0.05 0.2 ]]  ->  0
[[0.05 0.1  0.05]]  ->  0
[[0.05 0.1  0.1 ]]  ->  0
[[0.05 0.1  0.15]]  ->  0
[[0.05 0.1  0.2 ]]  ->  0
[[0.05 0.15 0.05]]  ->  0
[[0.05 0.15 0.1 ]]  ->  0
[[0.05 0.15 0.15]]  ->  0
[[0.05 0.15 0.2 ]]  ->  0
[[0.05 0.2  0.05]]  ->  0
[[0.05 0.2  0.1 ]]  ->  0
[[0.05 0.2  0.15]]  ->  0
[[0.05 0.2  0.2 ]]  ->  0
[[0.1  0.05 0.05]]  ->  0
[[0.1  0.05 0.1 ]]  ->  0
[[0.1  0.05 0.15]]  ->  0
[[0.1  0.05 0.2 ]]  ->  0
[[0.1  0.1  0.05]]  ->  0
[[0.1 0.1 0.1]]  ->  0
[[0.1  0.1  0.15]]  ->  0
[[0.1 0.1 0.2]]  ->  0
[[0.1  0.15 0.05]]  ->  0
[[0.1  0.15 0.1 ]]  ->  0
[[0.1  0.15 0.15]]  ->  0
[[0.1  0.15 0.2 ]]  ->  0
[[0.1  0.2  0.05]]  ->  0
[[0.1 0.2 0.1]]  ->  0
[[0.1  0.2  0.15]]  ->  0
[[0.1 0.2 0.2]]  ->  0
[[0.15 0.05 0.05]]  ->  0
[[0.15 0.05 0.1 ]]  ->  0
[[0.15 0.05 0.15]]  ->  0
[[0.15 0.05 0.2 ]]  ->  0
[[0.15 0.1  0.05]]  ->  0
[[0.15 0.1  0.1 ]]  ->  0
[[0.15 0.1  0.15]]  ->  0
[[0.15 0.1  0.2 ]]  ->  0
[[0.15 0.15 0.05]]  ->  0
[[0.15 0.15 0.1 ]]  ->  0
[[0.15 0.15 0.15]]  ->  0
[[0.15 0.15 0.2 ]]  ->  0
[[0.15 0.2  0.05]]  ->  0
[[0.15 0.2  0.1 ]]  ->  0
[[0.15 0.2  0.15]]  ->  0
[[0.15 0.2  0.2 ]]  ->  0
[[0.2  0.05 0.05]]  ->  0
[[0.2  0.05 0.1 ]]  ->  0
[[0.2  0.05 0.15]]  ->  0
[[0.2  0.05 0.2 ]]  ->  0
[[0.2  0.1  0.05]]  ->  0
[[0.2 0.1 0.1]]  ->  0
[[0.2  0.1  0.15]]  ->  0
[[0.2 0.1 0.2]]  ->  0
[[0.2  0.15 0.05]]  ->  0
[[0.2  0.15 0.1 ]]  ->  0
[[0.2  0.15 0.15]]  ->  0
[[0.2  0.15 0.2 ]]  ->  0
[[0.2  0.2  0.05]]  ->  0
[[0.2 0.2 0.1]]  ->  0
[[0.2  0.2  0.15]]  ->  0
[[0.2 0.2 0.2]]  ->  0

Q VALUES for  1600
[[0.05 0.05 0.05]]  ->  0
[[0.05 0.05 0.1 ]]  ->  0
[[0.05 0.05 0.15]]  ->  0
[[0.05 0.05 0.2 ]]  ->  0
[[0.05 0.1  0.05]]  ->  0
[[0.05 0.1  0.1 ]]  ->  0
[[0.05 0.1  0.15]]  ->  0
[[0.05 0.1  0.2 ]]  ->  0
[[0.05 0.15 0.05]]  ->  0
[[0.05 0.15 0.1 ]]  ->  0
[[0.05 0.15 0.15]]  ->  0
[[0.05 0.15 0.2 ]]  ->  0
[[0.05 0.2  0.05]]  ->  0
[[0.05 0.2  0.1 ]]  ->  0
[[0.05 0.2  0.15]]  ->  0
[[0.05 0.2  0.2 ]]  ->  0
[[0.1  0.05 0.05]]  ->  0
[[0.1  0.05 0.1 ]]  ->  0
[[0.1  0.05 0.15]]  ->  0
[[0.1  0.05 0.2 ]]  ->  0
[[0.1  0.1  0.05]]  ->  0
[[0.1 0.1 0.1]]  ->  0
[[0.1  0.1  0.15]]  ->  0
[[0.1 0.1 0.2]]  ->  0
[[0.1  0.15 0.05]]  ->  0
[[0.1  0.15 0.1 ]]  ->  0
[[0.1  0.15 0.15]]  ->  0
[[0.1  0.15 0.2 ]]  ->  0
[[0.1  0.2  0.05]]  ->  0
[[0.1 0.2 0.1]]  ->  0
[[0.1  0.2  0.15]]  ->  0
[[0.1 0.2 0.2]]  ->  0
[[0.15 0.05 0.05]]  ->  0
[[0.15 0.05 0.1 ]]  ->  0
[[0.15 0.05 0.15]]  ->  0
[[0.15 0.05 0.2 ]]  ->  0
[[0.15 0.1  0.05]]  ->  0
[[0.15 0.1  0.1 ]]  ->  0
[[0.15 0.1  0.15]]  ->  0
[[0.15 0.1  0.2 ]]  ->  0
[[0.15 0.15 0.05]]  ->  0
[[0.15 0.15 0.1 ]]  ->  0
[[0.15 0.15 0.15]]  ->  0
[[0.15 0.15 0.2 ]]  ->  0
[[0.15 0.2  0.05]]  ->  0
[[0.15 0.2  0.1 ]]  ->  0
[[0.15 0.2  0.15]]  ->  0
[[0.15 0.2  0.2 ]]  ->  0
[[0.2  0.05 0.05]]  ->  0
[[0.2  0.05 0.1 ]]  ->  0
[[0.2  0.05 0.15]]  ->  0
[[0.2  0.05 0.2 ]]  ->  0
[[0.2  0.1  0.05]]  ->  0
[[0.2 0.1 0.1]]  ->  0
[[0.2  0.1  0.15]]  ->  0
[[0.2 0.1 0.2]]  ->  0
[[0.2  0.15 0.05]]  ->  0
[[0.2  0.15 0.1 ]]  ->  0
[[0.2  0.15 0.15]]  ->  0
[[0.2  0.15 0.2 ]]  ->  0
[[0.2  0.2  0.05]]  ->  0
[[0.2 0.2 0.1]]  ->  0
[[0.2  0.2  0.15]]  ->  0
[[0.2 0.2 0.2]]  ->  0

Q VALUES for  1650
[[0.05 0.05 0.05]]  ->  0
[[0.05 0.05 0.1 ]]  ->  0
[[0.05 0.05 0.15]]  ->  0
[[0.05 0.05 0.2 ]]  ->  0
[[0.05 0.1  0.05]]  ->  0
[[0.05 0.1  0.1 ]]  ->  0
[[0.05 0.1  0.15]]  ->  0
[[0.05 0.1  0.2 ]]  ->  0
[[0.05 0.15 0.05]]  ->  0
[[0.05 0.15 0.1 ]]  ->  0
[[0.05 0.15 0.15]]  ->  0
[[0.05 0.15 0.2 ]]  ->  0
[[0.05 0.2  0.05]]  ->  0
[[0.05 0.2  0.1 ]]  ->  0
[[0.05 0.2  0.15]]  ->  0
[[0.05 0.2  0.2 ]]  ->  0
[[0.1  0.05 0.05]]  ->  0
[[0.1  0.05 0.1 ]]  ->  0
[[0.1  0.05 0.15]]  ->  0
[[0.1  0.05 0.2 ]]  ->  0
[[0.1  0.1  0.05]]  ->  0
[[0.1 0.1 0.1]]  ->  0
[[0.1  0.1  0.15]]  ->  0
[[0.1 0.1 0.2]]  ->  0
[[0.1  0.15 0.05]]  ->  0
[[0.1  0.15 0.1 ]]  ->  0
[[0.1  0.15 0.15]]  ->  0
[[0.1  0.15 0.2 ]]  ->  0
[[0.1  0.2  0.05]]  ->  0
[[0.1 0.2 0.1]]  ->  0
[[0.1  0.2  0.15]]  ->  0
[[0.1 0.2 0.2]]  ->  0
[[0.15 0.05 0.05]]  ->  0
[[0.15 0.05 0.1 ]]  ->  0
[[0.15 0.05 0.15]]  ->  0
[[0.15 0.05 0.2 ]]  ->  0
[[0.15 0.1  0.05]]  ->  0
[[0.15 0.1  0.1 ]]  ->  0
[[0.15 0.1  0.15]]  ->  0
[[0.15 0.1  0.2 ]]  ->  0
[[0.15 0.15 0.05]]  ->  0
[[0.15 0.15 0.1 ]]  ->  0
[[0.15 0.15 0.15]]  ->  0
[[0.15 0.15 0.2 ]]  ->  0
[[0.15 0.2  0.05]]  ->  0
[[0.15 0.2  0.1 ]]  ->  0
[[0.15 0.2  0.15]]  ->  0
[[0.15 0.2  0.2 ]]  ->  0
[[0.2  0.05 0.05]]  ->  0
[[0.2  0.05 0.1 ]]  ->  0
[[0.2  0.05 0.15]]  ->  0
[[0.2  0.05 0.2 ]]  ->  0
[[0.2  0.1  0.05]]  ->  0
[[0.2 0.1 0.1]]  ->  0
[[0.2  0.1  0.15]]  ->  0
[[0.2 0.1 0.2]]  ->  0
[[0.2  0.15 0.05]]  ->  0
[[0.2  0.15 0.1 ]]  ->  0
[[0.2  0.15 0.15]]  ->  0
[[0.2  0.15 0.2 ]]  ->  0
[[0.2  0.2  0.05]]  ->  0
[[0.2 0.2 0.1]]  ->  0
[[0.2  0.2  0.15]]  ->  0
[[0.2 0.2 0.2]]  ->  0

Q VALUES for  1700
[[0.05 0.05 0.05]]  ->  0
[[0.05 0.05 0.1 ]]  ->  0
[[0.05 0.05 0.15]]  ->  0
[[0.05 0.05 0.2 ]]  ->  0
[[0.05 0.1  0.05]]  ->  0
[[0.05 0.1  0.1 ]]  ->  0
[[0.05 0.1  0.15]]  ->  0
[[0.05 0.1  0.2 ]]  ->  0
[[0.05 0.15 0.05]]  ->  0
[[0.05 0.15 0.1 ]]  ->  0
[[0.05 0.15 0.15]]  ->  0
[[0.05 0.15 0.2 ]]  ->  0
[[0.05 0.2  0.05]]  ->  0
[[0.05 0.2  0.1 ]]  ->  0
[[0.05 0.2  0.15]]  ->  0
[[0.05 0.2  0.2 ]]  ->  0
[[0.1  0.05 0.05]]  ->  0
[[0.1  0.05 0.1 ]]  ->  0
[[0.1  0.05 0.15]]  ->  0
[[0.1  0.05 0.2 ]]  ->  0
[[0.1  0.1  0.05]]  ->  0
[[0.1 0.1 0.1]]  ->  0
[[0.1  0.1  0.15]]  ->  0
[[0.1 0.1 0.2]]  ->  0
[[0.1  0.15 0.05]]  ->  0
[[0.1  0.15 0.1 ]]  ->  0
[[0.1  0.15 0.15]]  ->  0
[[0.1  0.15 0.2 ]]  ->  0
[[0.1  0.2  0.05]]  ->  0
[[0.1 0.2 0.1]]  ->  0
[[0.1  0.2  0.15]]  ->  0
[[0.1 0.2 0.2]]  ->  0
[[0.15 0.05 0.05]]  ->  0
[[0.15 0.05 0.1 ]]  ->  0
[[0.15 0.05 0.15]]  ->  0
[[0.15 0.05 0.2 ]]  ->  0
[[0.15 0.1  0.05]]  ->  0
[[0.15 0.1  0.1 ]]  ->  0
[[0.15 0.1  0.15]]  ->  0
[[0.15 0.1  0.2 ]]  ->  0
[[0.15 0.15 0.05]]  ->  0
[[0.15 0.15 0.1 ]]  ->  0
[[0.15 0.15 0.15]]  ->  0
[[0.15 0.15 0.2 ]]  ->  0
[[0.15 0.2  0.05]]  ->  0
[[0.15 0.2  0.1 ]]  ->  0
[[0.15 0.2  0.15]]  ->  0
[[0.15 0.2  0.2 ]]  ->  0
[[0.2  0.05 0.05]]  ->  0
[[0.2  0.05 0.1 ]]  ->  0
[[0.2  0.05 0.15]]  ->  0
[[0.2  0.05 0.2 ]]  ->  0
[[0.2  0.1  0.05]]  ->  0
[[0.2 0.1 0.1]]  ->  0
[[0.2  0.1  0.15]]  ->  0
[[0.2 0.1 0.2]]  ->  0
[[0.2  0.15 0.05]]  ->  0
[[0.2  0.15 0.1 ]]  ->  0
[[0.2  0.15 0.15]]  ->  0
[[0.2  0.15 0.2 ]]  ->  0
[[0.2  0.2  0.05]]  ->  0
[[0.2 0.2 0.1]]  ->  0
[[0.2  0.2  0.15]]  ->  0
[[0.2 0.2 0.2]]  ->  0

Q VALUES for  1750
[[0.05 0.05 0.05]]  ->  0
[[0.05 0.05 0.1 ]]  ->  0
[[0.05 0.05 0.15]]  ->  0
[[0.05 0.05 0.2 ]]  ->  0
[[0.05 0.1  0.05]]  ->  0
[[0.05 0.1  0.1 ]]  ->  0
[[0.05 0.1  0.15]]  ->  0
[[0.05 0.1  0.2 ]]  ->  0
[[0.05 0.15 0.05]]  ->  0
[[0.05 0.15 0.1 ]]  ->  0
[[0.05 0.15 0.15]]  ->  0
[[0.05 0.15 0.2 ]]  ->  0
[[0.05 0.2  0.05]]  ->  0
[[0.05 0.2  0.1 ]]  ->  0
[[0.05 0.2  0.15]]  ->  0
[[0.05 0.2  0.2 ]]  ->  0
[[0.1  0.05 0.05]]  ->  0
[[0.1  0.05 0.1 ]]  ->  0
[[0.1  0.05 0.15]]  ->  0
[[0.1  0.05 0.2 ]]  ->  0
[[0.1  0.1  0.05]]  ->  0
[[0.1 0.1 0.1]]  ->  0
[[0.1  0.1  0.15]]  ->  0
[[0.1 0.1 0.2]]  ->  0
[[0.1  0.15 0.05]]  ->  0
[[0.1  0.15 0.1 ]]  ->  0
[[0.1  0.15 0.15]]  ->  0
[[0.1  0.15 0.2 ]]  ->  0
[[0.1  0.2  0.05]]  ->  0
[[0.1 0.2 0.1]]  ->  0
[[0.1  0.2  0.15]]  ->  0
[[0.1 0.2 0.2]]  ->  0
[[0.15 0.05 0.05]]  ->  0
[[0.15 0.05 0.1 ]]  ->  0
[[0.15 0.05 0.15]]  ->  0
[[0.15 0.05 0.2 ]]  ->  0
[[0.15 0.1  0.05]]  ->  0
[[0.15 0.1  0.1 ]]  ->  0
[[0.15 0.1  0.15]]  ->  0
[[0.15 0.1  0.2 ]]  ->  0
[[0.15 0.15 0.05]]  ->  0
[[0.15 0.15 0.1 ]]  ->  0
[[0.15 0.15 0.15]]  ->  0
[[0.15 0.15 0.2 ]]  ->  0
[[0.15 0.2  0.05]]  ->  0
[[0.15 0.2  0.1 ]]  ->  0
[[0.15 0.2  0.15]]  ->  0
[[0.15 0.2  0.2 ]]  ->  0
[[0.2  0.05 0.05]]  ->  0
[[0.2  0.05 0.1 ]]  ->  0
[[0.2  0.05 0.15]]  ->  0
[[0.2  0.05 0.2 ]]  ->  0
[[0.2  0.1  0.05]]  ->  0
[[0.2 0.1 0.1]]  ->  0
[[0.2  0.1  0.15]]  ->  0
[[0.2 0.1 0.2]]  ->  0
[[0.2  0.15 0.05]]  ->  0
[[0.2  0.15 0.1 ]]  ->  0
[[0.2  0.15 0.15]]  ->  0
[[0.2  0.15 0.2 ]]  ->  0
[[0.2  0.2  0.05]]  ->  0
[[0.2 0.2 0.1]]  ->  0
[[0.2  0.2  0.15]]  ->  0
[[0.2 0.2 0.2]]  ->  0

Q VALUES for  50
[[0.05 0.05 0.05]]  ->  0
[[0.05 0.05 0.1 ]]  ->  0
[[0.05 0.05 0.15]]  ->  0
[[0.05 0.05 0.2 ]]  ->  0
[[0.05 0.1  0.05]]  ->  0
[[0.05 0.1  0.1 ]]  ->  0
[[0.05 0.1  0.15]]  ->  0
[[0.05 0.1  0.2 ]]  ->  0
[[0.05 0.15 0.05]]  ->  0
[[0.05 0.15 0.1 ]]  ->  0
[[0.05 0.15 0.15]]  ->  0
[[0.05 0.15 0.2 ]]  ->  0
[[0.05 0.2  0.05]]  ->  0
[[0.05 0.2  0.1 ]]  ->  0
[[0.05 0.2  0.15]]  ->  0
[[0.05 0.2  0.2 ]]  ->  0
[[0.1  0.05 0.05]]  ->  0
[[0.1  0.05 0.1 ]]  ->  0
[[0.1  0.05 0.15]]  ->  0
[[0.1  0.05 0.2 ]]  ->  0
[[0.1  0.1  0.05]]  ->  0
[[0.1 0.1 0.1]]  ->  0
[[0.1  0.1  0.15]]  ->  0
[[0.1 0.1 0.2]]  ->  0
[[0.1  0.15 0.05]]  ->  0
[[0.1  0.15 0.1 ]]  ->  0
[[0.1  0.15 0.15]]  ->  0
[[0.1  0.15 0.2 ]]  ->  0
[[0.1  0.2  0.05]]  ->  0
[[0.1 0.2 0.1]]  ->  0
[[0.1  0.2  0.15]]  ->  0
[[0.1 0.2 0.2]]  ->  0
[[0.15 0.05 0.05]]  ->  0
[[0.15 0.05 0.1 ]]  ->  0
[[0.15 0.05 0.15]]  ->  0
[[0.15 0.05 0.2 ]]  ->  0
[[0.15 0.1  0.05]]  ->  0
[[0.15 0.1  0.1 ]]  ->  0
[[0.15 0.1  0.15]]  ->  0
[[0.15 0.1  0.2 ]]  ->  0
[[0.15 0.15 0.05]]  ->  0
[[0.15 0.15 0.1 ]]  ->  0
[[0.15 0.15 0.15]]  ->  0
[[0.15 0.15 0.2 ]]  ->  0
[[0.15 0.2  0.05]]  ->  0
[[0.15 0.2  0.1 ]]  ->  0
[[0.15 0.2  0.15]]  ->  0
[[0.15 0.2  0.2 ]]  ->  0
[[0.2  0.05 0.05]]  ->  0
[[0.2  0.05 0.1 ]]  ->  0
[[0.2  0.05 0.15]]  ->  0
[[0.2  0.05 0.2 ]]  ->  0
[[0.2  0.1  0.05]]  ->  0
[[0.2 0.1 0.1]]  ->  0
[[0.2  0.1  0.15]]  ->  0
[[0.2 0.1 0.2]]  ->  0
[[0.2  0.15 0.05]]  ->  0
[[0.2  0.15 0.1 ]]  ->  0
[[0.2  0.15 0.15]]  ->  0
[[0.2  0.15 0.2 ]]  ->  0
[[0.2  0.2  0.05]]  ->  0
[[0.2 0.2 0.1]]  ->  0
[[0.2  0.2  0.15]]  ->  0
[[0.2 0.2 0.2]]  ->  0

Q VALUES for  100
[[0.05 0.05 0.05]]  ->  0
[[0.05 0.05 0.1 ]]  ->  0
[[0.05 0.05 0.15]]  ->  0
[[0.05 0.05 0.2 ]]  ->  0
[[0.05 0.1  0.05]]  ->  0
[[0.05 0.1  0.1 ]]  ->  0
[[0.05 0.1  0.15]]  ->  0
[[0.05 0.1  0.2 ]]  ->  0
[[0.05 0.15 0.05]]  ->  0
[[0.05 0.15 0.1 ]]  ->  0
[[0.05 0.15 0.15]]  ->  0
[[0.05 0.15 0.2 ]]  ->  0
[[0.05 0.2  0.05]]  ->  0
[[0.05 0.2  0.1 ]]  ->  0
[[0.05 0.2  0.15]]  ->  0
[[0.05 0.2  0.2 ]]  ->  0
[[0.1  0.05 0.05]]  ->  0
[[0.1  0.05 0.1 ]]  ->  0
[[0.1  0.05 0.15]]  ->  0
[[0.1  0.05 0.2 ]]  ->  0
[[0.1  0.1  0.05]]  ->  0
[[0.1 0.1 0.1]]  ->  0
[[0.1  0.1  0.15]]  ->  0
[[0.1 0.1 0.2]]  ->  0
[[0.1  0.15 0.05]]  ->  0
[[0.1  0.15 0.1 ]]  ->  0
[[0.1  0.15 0.15]]  ->  0
[[0.1  0.15 0.2 ]]  ->  0
[[0.1  0.2  0.05]]  ->  0
[[0.1 0.2 0.1]]  ->  0
[[0.1  0.2  0.15]]  ->  0
[[0.1 0.2 0.2]]  ->  0
[[0.15 0.05 0.05]]  ->  0
[[0.15 0.05 0.1 ]]  ->  0
[[0.15 0.05 0.15]]  ->  0
[[0.15 0.05 0.2 ]]  ->  0
[[0.15 0.1  0.05]]  ->  0
[[0.15 0.1  0.1 ]]  ->  0
[[0.15 0.1  0.15]]  ->  0
[[0.15 0.1  0.2 ]]  ->  0
[[0.15 0.15 0.05]]  ->  0
[[0.15 0.15 0.1 ]]  ->  0
[[0.15 0.15 0.15]]  ->  0
[[0.15 0.15 0.2 ]]  ->  0
[[0.15 0.2  0.05]]  ->  0
[[0.15 0.2  0.1 ]]  ->  0
[[0.15 0.2  0.15]]  ->  0
[[0.15 0.2  0.2 ]]  ->  0
[[0.2  0.05 0.05]]  ->  0
[[0.2  0.05 0.1 ]]  ->  0
[[0.2  0.05 0.15]]  ->  0
[[0.2  0.05 0.2 ]]  ->  0
[[0.2  0.1  0.05]]  ->  0
[[0.2 0.1 0.1]]  ->  0
[[0.2  0.1  0.15]]  ->  0
[[0.2 0.1 0.2]]  ->  0
[[0.2  0.15 0.05]]  ->  0
[[0.2  0.15 0.1 ]]  ->  0
[[0.2  0.15 0.15]]  ->  0
[[0.2  0.15 0.2 ]]  ->  0
[[0.2  0.2  0.05]]  ->  0
[[0.2 0.2 0.1]]  ->  0
[[0.2  0.2  0.15]]  ->  0
[[0.2 0.2 0.2]]  ->  0

Q VALUES for  150
[[0.05 0.05 0.05]]  ->  0
[[0.05 0.05 0.1 ]]  ->  0
[[0.05 0.05 0.15]]  ->  0
[[0.05 0.05 0.2 ]]  ->  0
[[0.05 0.1  0.05]]  ->  0
[[0.05 0.1  0.1 ]]  ->  0
[[0.05 0.1  0.15]]  ->  0
[[0.05 0.1  0.2 ]]  ->  0
[[0.05 0.15 0.05]]  ->  0
[[0.05 0.15 0.1 ]]  ->  0
[[0.05 0.15 0.15]]  ->  0
[[0.05 0.15 0.2 ]]  ->  0
[[0.05 0.2  0.05]]  ->  0
[[0.05 0.2  0.1 ]]  ->  0
[[0.05 0.2  0.15]]  ->  0
[[0.05 0.2  0.2 ]]  ->  0
[[0.1  0.05 0.05]]  ->  0
[[0.1  0.05 0.1 ]]  ->  0
[[0.1  0.05 0.15]]  ->  0
[[0.1  0.05 0.2 ]]  ->  0
[[0.1  0.1  0.05]]  ->  0
[[0.1 0.1 0.1]]  ->  0
[[0.1  0.1  0.15]]  ->  0
[[0.1 0.1 0.2]]  ->  0
[[0.1  0.15 0.05]]  ->  0
[[0.1  0.15 0.1 ]]  ->  0
[[0.1  0.15 0.15]]  ->  0
[[0.1  0.15 0.2 ]]  ->  0
[[0.1  0.2  0.05]]  ->  0
[[0.1 0.2 0.1]]  ->  0
[[0.1  0.2  0.15]]  ->  0
[[0.1 0.2 0.2]]  ->  0
[[0.15 0.05 0.05]]  ->  0
[[0.15 0.05 0.1 ]]  ->  0
[[0.15 0.05 0.15]]  ->  0
[[0.15 0.05 0.2 ]]  ->  0
[[0.15 0.1  0.05]]  ->  0
[[0.15 0.1  0.1 ]]  ->  0
[[0.15 0.1  0.15]]  ->  0
[[0.15 0.1  0.2 ]]  ->  0
[[0.15 0.15 0.05]]  ->  0
[[0.15 0.15 0.1 ]]  ->  0
[[0.15 0.15 0.15]]  ->  0
[[0.15 0.15 0.2 ]]  ->  0
[[0.15 0.2  0.05]]  ->  0
[[0.15 0.2  0.1 ]]  ->  0
[[0.15 0.2  0.15]]  ->  0
[[0.15 0.2  0.2 ]]  ->  0
[[0.2  0.05 0.05]]  ->  0
[[0.2  0.05 0.1 ]]  ->  0
[[0.2  0.05 0.15]]  ->  0
[[0.2  0.05 0.2 ]]  ->  0
[[0.2  0.1  0.05]]  ->  0
[[0.2 0.1 0.1]]  ->  0
[[0.2  0.1  0.15]]  ->  0
[[0.2 0.1 0.2]]  ->  0
[[0.2  0.15 0.05]]  ->  0
[[0.2  0.15 0.1 ]]  ->  0
[[0.2  0.15 0.15]]  ->  0
[[0.2  0.15 0.2 ]]  ->  0
[[0.2  0.2  0.05]]  ->  0
[[0.2 0.2 0.1]]  ->  0
[[0.2  0.2  0.15]]  ->  0
[[0.2 0.2 0.2]]  ->  0

Q VALUES for  200
[[0.05 0.05 0.05]]  ->  0
[[0.05 0.05 0.1 ]]  ->  0
[[0.05 0.05 0.15]]  ->  0
[[0.05 0.05 0.2 ]]  ->  0
[[0.05 0.1  0.05]]  ->  0
[[0.05 0.1  0.1 ]]  ->  0
[[0.05 0.1  0.15]]  ->  0
[[0.05 0.1  0.2 ]]  ->  0
[[0.05 0.15 0.05]]  ->  0
[[0.05 0.15 0.1 ]]  ->  0
[[0.05 0.15 0.15]]  ->  0
[[0.05 0.15 0.2 ]]  ->  0
[[0.05 0.2  0.05]]  ->  0
[[0.05 0.2  0.1 ]]  ->  0
[[0.05 0.2  0.15]]  ->  0
[[0.05 0.2  0.2 ]]  ->  0
[[0.1  0.05 0.05]]  ->  0
[[0.1  0.05 0.1 ]]  ->  0
[[0.1  0.05 0.15]]  ->  0
[[0.1  0.05 0.2 ]]  ->  0
[[0.1  0.1  0.05]]  ->  0
[[0.1 0.1 0.1]]  ->  0
[[0.1  0.1  0.15]]  ->  0
[[0.1 0.1 0.2]]  ->  0
[[0.1  0.15 0.05]]  ->  0
[[0.1  0.15 0.1 ]]  ->  0
[[0.1  0.15 0.15]]  ->  0
[[0.1  0.15 0.2 ]]  ->  0
[[0.1  0.2  0.05]]  ->  0
[[0.1 0.2 0.1]]  ->  0
[[0.1  0.2  0.15]]  ->  0
[[0.1 0.2 0.2]]  ->  0
[[0.15 0.05 0.05]]  ->  0
[[0.15 0.05 0.1 ]]  ->  0
[[0.15 0.05 0.15]]  ->  0
[[0.15 0.05 0.2 ]]  ->  0
[[0.15 0.1  0.05]]  ->  0
[[0.15 0.1  0.1 ]]  ->  0
[[0.15 0.1  0.15]]  ->  0
[[0.15 0.1  0.2 ]]  ->  0
[[0.15 0.15 0.05]]  ->  0
[[0.15 0.15 0.1 ]]  ->  0
[[0.15 0.15 0.15]]  ->  0
[[0.15 0.15 0.2 ]]  ->  0
[[0.15 0.2  0.05]]  ->  0
[[0.15 0.2  0.1 ]]  ->  0
[[0.15 0.2  0.15]]  ->  0
[[0.15 0.2  0.2 ]]  ->  0
[[0.2  0.05 0.05]]  ->  0
[[0.2  0.05 0.1 ]]  ->  0
[[0.2  0.05 0.15]]  ->  0
[[0.2  0.05 0.2 ]]  ->  0
[[0.2  0.1  0.05]]  ->  0
[[0.2 0.1 0.1]]  ->  0
[[0.2  0.1  0.15]]  ->  0
[[0.2 0.1 0.2]]  ->  0
[[0.2  0.15 0.05]]  ->  0
[[0.2  0.15 0.1 ]]  ->  0
[[0.2  0.15 0.15]]  ->  0
[[0.2  0.15 0.2 ]]  ->  0
[[0.2  0.2  0.05]]  ->  0
[[0.2 0.2 0.1]]  ->  0
[[0.2  0.2  0.15]]  ->  0
[[0.2 0.2 0.2]]  ->  0

Q VALUES for  250
[[0.05 0.05 0.05]]  ->  0
[[0.05 0.05 0.1 ]]  ->  0
[[0.05 0.05 0.15]]  ->  0
[[0.05 0.05 0.2 ]]  ->  0
[[0.05 0.1  0.05]]  ->  0
[[0.05 0.1  0.1 ]]  ->  0
[[0.05 0.1  0.15]]  ->  0
[[0.05 0.1  0.2 ]]  ->  0
[[0.05 0.15 0.05]]  ->  0
[[0.05 0.15 0.1 ]]  ->  0
[[0.05 0.15 0.15]]  ->  0
[[0.05 0.15 0.2 ]]  ->  0
[[0.05 0.2  0.05]]  ->  0
[[0.05 0.2  0.1 ]]  ->  0
[[0.05 0.2  0.15]]  ->  0
[[0.05 0.2  0.2 ]]  ->  0
[[0.1  0.05 0.05]]  ->  0
[[0.1  0.05 0.1 ]]  ->  0
[[0.1  0.05 0.15]]  ->  0
[[0.1  0.05 0.2 ]]  ->  0
[[0.1  0.1  0.05]]  ->  0
[[0.1 0.1 0.1]]  ->  0
[[0.1  0.1  0.15]]  ->  0
[[0.1 0.1 0.2]]  ->  0
[[0.1  0.15 0.05]]  ->  0
[[0.1  0.15 0.1 ]]  ->  0
[[0.1  0.15 0.15]]  ->  0
[[0.1  0.15 0.2 ]]  ->  0
[[0.1  0.2  0.05]]  ->  0
[[0.1 0.2 0.1]]  ->  0
[[0.1  0.2  0.15]]  ->  0
[[0.1 0.2 0.2]]  ->  0
[[0.15 0.05 0.05]]  ->  0
[[0.15 0.05 0.1 ]]  ->  0
[[0.15 0.05 0.15]]  ->  0
[[0.15 0.05 0.2 ]]  ->  0
[[0.15 0.1  0.05]]  ->  0
[[0.15 0.1  0.1 ]]  ->  0
[[0.15 0.1  0.15]]  ->  0
[[0.15 0.1  0.2 ]]  ->  0
[[0.15 0.15 0.05]]  ->  0
[[0.15 0.15 0.1 ]]  ->  0
[[0.15 0.15 0.15]]  ->  0
[[0.15 0.15 0.2 ]]  ->  0
[[0.15 0.2  0.05]]  ->  0
[[0.15 0.2  0.1 ]]  ->  0
[[0.15 0.2  0.15]]  ->  0
[[0.15 0.2  0.2 ]]  ->  0
[[0.2  0.05 0.05]]  ->  0
[[0.2  0.05 0.1 ]]  ->  0
[[0.2  0.05 0.15]]  ->  0
[[0.2  0.05 0.2 ]]  ->  0
[[0.2  0.1  0.05]]  ->  0
[[0.2 0.1 0.1]]  ->  0
[[0.2  0.1  0.15]]  ->  0
[[0.2 0.1 0.2]]  ->  0
[[0.2  0.15 0.05]]  ->  0
[[0.2  0.15 0.1 ]]  ->  0
[[0.2  0.15 0.15]]  ->  0
[[0.2  0.15 0.2 ]]  ->  0
[[0.2  0.2  0.05]]  ->  0
[[0.2 0.2 0.1]]  ->  0
[[0.2  0.2  0.15]]  ->  0
[[0.2 0.2 0.2]]  ->  0

Q VALUES for  300
[[0.05 0.05 0.05]]  ->  0
[[0.05 0.05 0.1 ]]  ->  0
[[0.05 0.05 0.15]]  ->  1
[[0.05 0.05 0.2 ]]  ->  1
[[0.05 0.1  0.05]]  ->  0
[[0.05 0.1  0.1 ]]  ->  0
[[0.05 0.1  0.15]]  ->  1
[[0.05 0.1  0.2 ]]  ->  1
[[0.05 0.15 0.05]]  ->  0
[[0.05 0.15 0.1 ]]  ->  0
[[0.05 0.15 0.15]]  ->  1
[[0.05 0.15 0.2 ]]  ->  1
[[0.05 0.2  0.05]]  ->  0
[[0.05 0.2  0.1 ]]  ->  0
[[0.05 0.2  0.15]]  ->  0
[[0.05 0.2  0.2 ]]  ->  1
[[0.1  0.05 0.05]]  ->  0
[[0.1  0.05 0.1 ]]  ->  0
[[0.1  0.05 0.15]]  ->  0
[[0.1  0.05 0.2 ]]  ->  1
[[0.1  0.1  0.05]]  ->  0
[[0.1 0.1 0.1]]  ->  0
[[0.1  0.1  0.15]]  ->  0
[[0.1 0.1 0.2]]  ->  1
[[0.1  0.15 0.05]]  ->  0
[[0.1  0.15 0.1 ]]  ->  0
[[0.1  0.15 0.15]]  ->  0
[[0.1  0.15 0.2 ]]  ->  1
[[0.1  0.2  0.05]]  ->  0
[[0.1 0.2 0.1]]  ->  0
[[0.1  0.2  0.15]]  ->  0
[[0.1 0.2 0.2]]  ->  1
[[0.15 0.05 0.05]]  ->  0
[[0.15 0.05 0.1 ]]  ->  0
[[0.15 0.05 0.15]]  ->  0
[[0.15 0.05 0.2 ]]  ->  1
[[0.15 0.1  0.05]]  ->  0
[[0.15 0.1  0.1 ]]  ->  0
[[0.15 0.1  0.15]]  ->  0
[[0.15 0.1  0.2 ]]  ->  1
[[0.15 0.15 0.05]]  ->  0
[[0.15 0.15 0.1 ]]  ->  0
[[0.15 0.15 0.15]]  ->  0
[[0.15 0.15 0.2 ]]  ->  0
[[0.15 0.2  0.05]]  ->  0
[[0.15 0.2  0.1 ]]  ->  0
[[0.15 0.2  0.15]]  ->  0
[[0.15 0.2  0.2 ]]  ->  0
[[0.2  0.05 0.05]]  ->  0
[[0.2  0.05 0.1 ]]  ->  0
[[0.2  0.05 0.15]]  ->  0
[[0.2  0.05 0.2 ]]  ->  0
[[0.2  0.1  0.05]]  ->  0
[[0.2 0.1 0.1]]  ->  0
[[0.2  0.1  0.15]]  ->  0
[[0.2 0.1 0.2]]  ->  0
[[0.2  0.15 0.05]]  ->  0
[[0.2  0.15 0.1 ]]  ->  0
[[0.2  0.15 0.15]]  ->  0
[[0.2  0.15 0.2 ]]  ->  0
[[0.2  0.2  0.05]]  ->  0
[[0.2 0.2 0.1]]  ->  0
[[0.2  0.2  0.15]]  ->  0
[[0.2 0.2 0.2]]  ->  0

Q VALUES for  350
[[0.05 0.05 0.05]]  ->  1
[[0.05 0.05 0.1 ]]  ->  1
[[0.05 0.05 0.15]]  ->  1
[[0.05 0.05 0.2 ]]  ->  1
[[0.05 0.1  0.05]]  ->  1
[[0.05 0.1  0.1 ]]  ->  1
[[0.05 0.1  0.15]]  ->  1
[[0.05 0.1  0.2 ]]  ->  1
[[0.05 0.15 0.05]]  ->  2
[[0.05 0.15 0.1 ]]  ->  1
[[0.05 0.15 0.15]]  ->  1
[[0.05 0.15 0.2 ]]  ->  1
[[0.05 0.2  0.05]]  ->  2
[[0.05 0.2  0.1 ]]  ->  1
[[0.05 0.2  0.15]]  ->  1
[[0.05 0.2  0.2 ]]  ->  1
[[0.1  0.05 0.05]]  ->  1
[[0.1  0.05 0.1 ]]  ->  1
[[0.1  0.05 0.15]]  ->  1
[[0.1  0.05 0.2 ]]  ->  1
[[0.1  0.1  0.05]]  ->  1
[[0.1 0.1 0.1]]  ->  1
[[0.1  0.1  0.15]]  ->  1
[[0.1 0.1 0.2]]  ->  1
[[0.1  0.15 0.05]]  ->  2
[[0.1  0.15 0.1 ]]  ->  1
[[0.1  0.15 0.15]]  ->  1
[[0.1  0.15 0.2 ]]  ->  1
[[0.1  0.2  0.05]]  ->  2
[[0.1 0.2 0.1]]  ->  1
[[0.1  0.2  0.15]]  ->  1
[[0.1 0.2 0.2]]  ->  1
[[0.15 0.05 0.05]]  ->  1
[[0.15 0.05 0.1 ]]  ->  1
[[0.15 0.05 0.15]]  ->  1
[[0.15 0.05 0.2 ]]  ->  1
[[0.15 0.1  0.05]]  ->  1
[[0.15 0.1  0.1 ]]  ->  1
[[0.15 0.1  0.15]]  ->  1
[[0.15 0.1  0.2 ]]  ->  1
[[0.15 0.15 0.05]]  ->  2
[[0.15 0.15 0.1 ]]  ->  1
[[0.15 0.15 0.15]]  ->  1
[[0.15 0.15 0.2 ]]  ->  1
[[0.15 0.2  0.05]]  ->  2
[[0.15 0.2  0.1 ]]  ->  1
[[0.15 0.2  0.15]]  ->  1
[[0.15 0.2  0.2 ]]  ->  1
[[0.2  0.05 0.05]]  ->  1
[[0.2  0.05 0.1 ]]  ->  1
[[0.2  0.05 0.15]]  ->  1
[[0.2  0.05 0.2 ]]  ->  1
[[0.2  0.1  0.05]]  ->  1
[[0.2 0.1 0.1]]  ->  1
[[0.2  0.1  0.15]]  ->  1
[[0.2 0.1 0.2]]  ->  1
[[0.2  0.15 0.05]]  ->  2
[[0.2  0.15 0.1 ]]  ->  1
[[0.2  0.15 0.15]]  ->  1
[[0.2  0.15 0.2 ]]  ->  1
[[0.2  0.2  0.05]]  ->  2
[[0.2 0.2 0.1]]  ->  1
[[0.2  0.2  0.15]]  ->  1
[[0.2 0.2 0.2]]  ->  1

Q VALUES for  400
[[0.05 0.05 0.05]]  ->  2
[[0.05 0.05 0.1 ]]  ->  2
[[0.05 0.05 0.15]]  ->  2
[[0.05 0.05 0.2 ]]  ->  1
[[0.05 0.1  0.05]]  ->  2
[[0.05 0.1  0.1 ]]  ->  2
[[0.05 0.1  0.15]]  ->  2
[[0.05 0.1  0.2 ]]  ->  2
[[0.05 0.15 0.05]]  ->  2
[[0.05 0.15 0.1 ]]  ->  2
[[0.05 0.15 0.15]]  ->  2
[[0.05 0.15 0.2 ]]  ->  2
[[0.05 0.2  0.05]]  ->  2
[[0.05 0.2  0.1 ]]  ->  2
[[0.05 0.2  0.15]]  ->  2
[[0.05 0.2  0.2 ]]  ->  2
[[0.1  0.05 0.05]]  ->  2
[[0.1  0.05 0.1 ]]  ->  2
[[0.1  0.05 0.15]]  ->  2
[[0.1  0.05 0.2 ]]  ->  1
[[0.1  0.1  0.05]]  ->  2
[[0.1 0.1 0.1]]  ->  2
[[0.1  0.1  0.15]]  ->  2
[[0.1 0.1 0.2]]  ->  2
[[0.1  0.15 0.05]]  ->  2
[[0.1  0.15 0.1 ]]  ->  2
[[0.1  0.15 0.15]]  ->  2
[[0.1  0.15 0.2 ]]  ->  2
[[0.1  0.2  0.05]]  ->  2
[[0.1 0.2 0.1]]  ->  2
[[0.1  0.2  0.15]]  ->  2
[[0.1 0.2 0.2]]  ->  2
[[0.15 0.05 0.05]]  ->  2
[[0.15 0.05 0.1 ]]  ->  2
[[0.15 0.05 0.15]]  ->  2
[[0.15 0.05 0.2 ]]  ->  1
[[0.15 0.1  0.05]]  ->  2
[[0.15 0.1  0.1 ]]  ->  2
[[0.15 0.1  0.15]]  ->  2
[[0.15 0.1  0.2 ]]  ->  2
[[0.15 0.15 0.05]]  ->  2
[[0.15 0.15 0.1 ]]  ->  2
[[0.15 0.15 0.15]]  ->  2
[[0.15 0.15 0.2 ]]  ->  2
[[0.15 0.2  0.05]]  ->  2
[[0.15 0.2  0.1 ]]  ->  2
[[0.15 0.2  0.15]]  ->  2
[[0.15 0.2  0.2 ]]  ->  2
[[0.2  0.05 0.05]]  ->  2
[[0.2  0.05 0.1 ]]  ->  2
[[0.2  0.05 0.15]]  ->  2
[[0.2  0.05 0.2 ]]  ->  1
[[0.2  0.1  0.05]]  ->  2
[[0.2 0.1 0.1]]  ->  2
[[0.2  0.1  0.15]]  ->  2
[[0.2 0.1 0.2]]  ->  1
[[0.2  0.15 0.05]]  ->  2
[[0.2  0.15 0.1 ]]  ->  2
[[0.2  0.15 0.15]]  ->  2
[[0.2  0.15 0.2 ]]  ->  2
[[0.2  0.2  0.05]]  ->  2
[[0.2 0.2 0.1]]  ->  2
[[0.2  0.2  0.15]]  ->  2
[[0.2 0.2 0.2]]  ->  2

Q VALUES for  450
[[0.05 0.05 0.05]]  ->  2
[[0.05 0.05 0.1 ]]  ->  2
[[0.05 0.05 0.15]]  ->  2
[[0.05 0.05 0.2 ]]  ->  2
[[0.05 0.1  0.05]]  ->  2
[[0.05 0.1  0.1 ]]  ->  2
[[0.05 0.1  0.15]]  ->  2
[[0.05 0.1  0.2 ]]  ->  2
[[0.05 0.15 0.05]]  ->  2
[[0.05 0.15 0.1 ]]  ->  2
[[0.05 0.15 0.15]]  ->  2
[[0.05 0.15 0.2 ]]  ->  2
[[0.05 0.2  0.05]]  ->  2
[[0.05 0.2  0.1 ]]  ->  2
[[0.05 0.2  0.15]]  ->  2
[[0.05 0.2  0.2 ]]  ->  2
[[0.1  0.05 0.05]]  ->  2
[[0.1  0.05 0.1 ]]  ->  2
[[0.1  0.05 0.15]]  ->  2
[[0.1  0.05 0.2 ]]  ->  2
[[0.1  0.1  0.05]]  ->  2
[[0.1 0.1 0.1]]  ->  2
[[0.1  0.1  0.15]]  ->  2
[[0.1 0.1 0.2]]  ->  2
[[0.1  0.15 0.05]]  ->  2
[[0.1  0.15 0.1 ]]  ->  2
[[0.1  0.15 0.15]]  ->  2
[[0.1  0.15 0.2 ]]  ->  2
[[0.1  0.2  0.05]]  ->  2
[[0.1 0.2 0.1]]  ->  2
[[0.1  0.2  0.15]]  ->  2
[[0.1 0.2 0.2]]  ->  2
[[0.15 0.05 0.05]]  ->  2
[[0.15 0.05 0.1 ]]  ->  2
[[0.15 0.05 0.15]]  ->  2
[[0.15 0.05 0.2 ]]  ->  2
[[0.15 0.1  0.05]]  ->  2
[[0.15 0.1  0.1 ]]  ->  2
[[0.15 0.1  0.15]]  ->  2
[[0.15 0.1  0.2 ]]  ->  2
[[0.15 0.15 0.05]]  ->  2
[[0.15 0.15 0.1 ]]  ->  2
[[0.15 0.15 0.15]]  ->  2
[[0.15 0.15 0.2 ]]  ->  2
[[0.15 0.2  0.05]]  ->  2
[[0.15 0.2  0.1 ]]  ->  2
[[0.15 0.2  0.15]]  ->  2
[[0.15 0.2  0.2 ]]  ->  2
[[0.2  0.05 0.05]]  ->  2
[[0.2  0.05 0.1 ]]  ->  2
[[0.2  0.05 0.15]]  ->  2
[[0.2  0.05 0.2 ]]  ->  2
[[0.2  0.1  0.05]]  ->  2
[[0.2 0.1 0.1]]  ->  2
[[0.2  0.1  0.15]]  ->  2
[[0.2 0.1 0.2]]  ->  2
[[0.2  0.15 0.05]]  ->  2
[[0.2  0.15 0.1 ]]  ->  2
[[0.2  0.15 0.15]]  ->  2
[[0.2  0.15 0.2 ]]  ->  2
[[0.2  0.2  0.05]]  ->  2
[[0.2 0.2 0.1]]  ->  2
[[0.2  0.2  0.15]]  ->  2
[[0.2 0.2 0.2]]  ->  2

Q VALUES for  500
[[0.05 0.05 0.05]]  ->  2
[[0.05 0.05 0.1 ]]  ->  2
[[0.05 0.05 0.15]]  ->  2
[[0.05 0.05 0.2 ]]  ->  2
[[0.05 0.1  0.05]]  ->  2
[[0.05 0.1  0.1 ]]  ->  2
[[0.05 0.1  0.15]]  ->  2
[[0.05 0.1  0.2 ]]  ->  2
[[0.05 0.15 0.05]]  ->  2
[[0.05 0.15 0.1 ]]  ->  2
[[0.05 0.15 0.15]]  ->  2
[[0.05 0.15 0.2 ]]  ->  2
[[0.05 0.2  0.05]]  ->  2
[[0.05 0.2  0.1 ]]  ->  2
[[0.05 0.2  0.15]]  ->  2
[[0.05 0.2  0.2 ]]  ->  2
[[0.1  0.05 0.05]]  ->  2
[[0.1  0.05 0.1 ]]  ->  2
[[0.1  0.05 0.15]]  ->  2
[[0.1  0.05 0.2 ]]  ->  2
[[0.1  0.1  0.05]]  ->  2
[[0.1 0.1 0.1]]  ->  2
[[0.1  0.1  0.15]]  ->  2
[[0.1 0.1 0.2]]  ->  2
[[0.1  0.15 0.05]]  ->  2
[[0.1  0.15 0.1 ]]  ->  2
[[0.1  0.15 0.15]]  ->  2
[[0.1  0.15 0.2 ]]  ->  2
[[0.1  0.2  0.05]]  ->  2
[[0.1 0.2 0.1]]  ->  2
[[0.1  0.2  0.15]]  ->  2
[[0.1 0.2 0.2]]  ->  2
[[0.15 0.05 0.05]]  ->  2
[[0.15 0.05 0.1 ]]  ->  2
[[0.15 0.05 0.15]]  ->  2
[[0.15 0.05 0.2 ]]  ->  2
[[0.15 0.1  0.05]]  ->  2
[[0.15 0.1  0.1 ]]  ->  2
[[0.15 0.1  0.15]]  ->  2
[[0.15 0.1  0.2 ]]  ->  2
[[0.15 0.15 0.05]]  ->  2
[[0.15 0.15 0.1 ]]  ->  2
[[0.15 0.15 0.15]]  ->  2
[[0.15 0.15 0.2 ]]  ->  2
[[0.15 0.2  0.05]]  ->  2
[[0.15 0.2  0.1 ]]  ->  2
[[0.15 0.2  0.15]]  ->  2
[[0.15 0.2  0.2 ]]  ->  2
[[0.2  0.05 0.05]]  ->  2
[[0.2  0.05 0.1 ]]  ->  2
[[0.2  0.05 0.15]]  ->  2
[[0.2  0.05 0.2 ]]  ->  2
[[0.2  0.1  0.05]]  ->  2
[[0.2 0.1 0.1]]  ->  2
[[0.2  0.1  0.15]]  ->  2
[[0.2 0.1 0.2]]  ->  2
[[0.2  0.15 0.05]]  ->  2
[[0.2  0.15 0.1 ]]  ->  2
[[0.2  0.15 0.15]]  ->  2
[[0.2  0.15 0.2 ]]  ->  2
[[0.2  0.2  0.05]]  ->  2
[[0.2 0.2 0.1]]  ->  2
[[0.2  0.2  0.15]]  ->  2
[[0.2 0.2 0.2]]  ->  2

Q VALUES for  550
[[0.05 0.05 0.05]]  ->  2
[[0.05 0.05 0.1 ]]  ->  2
[[0.05 0.05 0.15]]  ->  2
[[0.05 0.05 0.2 ]]  ->  2
[[0.05 0.1  0.05]]  ->  2
[[0.05 0.1  0.1 ]]  ->  2
[[0.05 0.1  0.15]]  ->  2
[[0.05 0.1  0.2 ]]  ->  2
[[0.05 0.15 0.05]]  ->  2
[[0.05 0.15 0.1 ]]  ->  2
[[0.05 0.15 0.15]]  ->  2
[[0.05 0.15 0.2 ]]  ->  2
[[0.05 0.2  0.05]]  ->  2
[[0.05 0.2  0.1 ]]  ->  2
[[0.05 0.2  0.15]]  ->  2
[[0.05 0.2  0.2 ]]  ->  2
[[0.1  0.05 0.05]]  ->  2
[[0.1  0.05 0.1 ]]  ->  2
[[0.1  0.05 0.15]]  ->  2
[[0.1  0.05 0.2 ]]  ->  2
[[0.1  0.1  0.05]]  ->  2
[[0.1 0.1 0.1]]  ->  2
[[0.1  0.1  0.15]]  ->  2
[[0.1 0.1 0.2]]  ->  2
[[0.1  0.15 0.05]]  ->  2
[[0.1  0.15 0.1 ]]  ->  2
[[0.1  0.15 0.15]]  ->  2
[[0.1  0.15 0.2 ]]  ->  2
[[0.1  0.2  0.05]]  ->  2
[[0.1 0.2 0.1]]  ->  2
[[0.1  0.2  0.15]]  ->  2
[[0.1 0.2 0.2]]  ->  2
[[0.15 0.05 0.05]]  ->  2
[[0.15 0.05 0.1 ]]  ->  2
[[0.15 0.05 0.15]]  ->  2
[[0.15 0.05 0.2 ]]  ->  2
[[0.15 0.1  0.05]]  ->  2
[[0.15 0.1  0.1 ]]  ->  2
[[0.15 0.1  0.15]]  ->  2
[[0.15 0.1  0.2 ]]  ->  2
[[0.15 0.15 0.05]]  ->  2
[[0.15 0.15 0.1 ]]  ->  2
[[0.15 0.15 0.15]]  ->  2
[[0.15 0.15 0.2 ]]  ->  2
[[0.15 0.2  0.05]]  ->  2
[[0.15 0.2  0.1 ]]  ->  2
[[0.15 0.2  0.15]]  ->  2
[[0.15 0.2  0.2 ]]  ->  2
[[0.2  0.05 0.05]]  ->  2
[[0.2  0.05 0.1 ]]  ->  2
[[0.2  0.05 0.15]]  ->  2
[[0.2  0.05 0.2 ]]  ->  2
[[0.2  0.1  0.05]]  ->  2
[[0.2 0.1 0.1]]  ->  2
[[0.2  0.1  0.15]]  ->  2
[[0.2 0.1 0.2]]  ->  2
[[0.2  0.15 0.05]]  ->  2
[[0.2  0.15 0.1 ]]  ->  2
[[0.2  0.15 0.15]]  ->  2
[[0.2  0.15 0.2 ]]  ->  2
[[0.2  0.2  0.05]]  ->  2
[[0.2 0.2 0.1]]  ->  2
[[0.2  0.2  0.15]]  ->  2
[[0.2 0.2 0.2]]  ->  2
