
Weight VALUES for  50
[array([[-0.4346541 ,  0.02418485,  0.5751152 , -0.48090085,  0.7049397 ,
        -0.4893143 ],
       [-0.06470508, -0.47628886,  0.20061   , -0.47228947, -0.6342918 ,
        -0.33134842],
       [ 0.44102788,  0.8064082 , -0.75916016,  0.78985524,  0.56759673,
         0.08247219]], dtype=float32), array([-0.00515912, -0.00523013,  0.0005601 ,  0.00065087,  0.00373072,
       -0.00271422], dtype=float32)]
[array([[-0.06100319,  0.5310701 ,  0.1012802 ,  0.2868457 ,  0.5977875 ],
       [-0.03751604, -0.54082894,  0.6339788 ,  0.21291889,  0.27710322],
       [ 0.57975185,  0.23076402, -0.10652619,  0.57509565, -0.5192455 ],
       [-0.27339536, -0.02009906,  0.19543897,  0.11774976, -0.4422946 ],
       [ 0.12547095,  0.59376746, -0.7207859 , -0.5605935 ,  0.3155448 ],
       [ 0.58858335,  0.6428669 ,  0.07235   , -0.34123382,  0.11560234]],
      dtype=float32), array([-0.00144544, -0.0023385 , -0.0077077 , -0.00204397, -0.00441531],
      dtype=float32)]
[]
[array([[ 0.37416106, -0.7577596 , -0.5426285 ],
       [ 0.29025814,  0.68054974, -0.53681695],
       [-0.549189  , -0.25369507, -0.47604808],
       [-0.62174195, -0.24671845,  0.32311663],
       [-0.40194458,  0.54645634, -0.16254756]], dtype=float32), array([ 0.02898518, -0.00092867,  0.03116028], dtype=float32)]
[]

Weight VALUES for  100
[array([[-0.43859902,  0.01978328,  0.5757057 , -0.48045236,  0.7081504 ,
        -0.49170104],
       [-0.0693823 , -0.48140115,  0.20140988, -0.47176805, -0.63060206,
        -0.33406854],
       [ 0.43676174,  0.8017642 , -0.7583541 ,  0.790308  ,  0.5709563 ,
         0.08013707]], dtype=float32), array([-0.01937695, -0.02017236,  0.00330794,  0.00226327,  0.01423958,
       -0.01082342], dtype=float32)]
[array([[-0.06077419,  0.53124434,  0.10193865,  0.28693038,  0.5980696 ],
       [-0.03771657, -0.5412881 ,  0.6322425 ,  0.21252723,  0.27613798],
       [ 0.5795417 ,  0.23073466, -0.10668062,  0.57512623, -0.5192249 ],
       [-0.2729846 , -0.0197435 ,  0.19676268,  0.11794335, -0.441695  ],
       [ 0.12476661,  0.5927114 , -0.72475624, -0.5613756 ,  0.31347182],
       [ 0.58961016,  0.6443417 ,  0.07776234, -0.34021387,  0.11840564]],
      dtype=float32), array([-0.00504873, -0.00900466, -0.03040632, -0.00629719, -0.01674205],
      dtype=float32)]
[]
[array([[ 0.41600442, -0.7595295 , -0.4948126 ],
       [ 0.33204308,  0.67869973, -0.48921195],
       [-0.50777376, -0.255636  , -0.4290166 ],
       [-0.57795304, -0.24857682,  0.37307543],
       [-0.35674906,  0.5444769 , -0.11121111]], dtype=float32), array([ 0.11735529, -0.00472145,  0.13184941], dtype=float32)]
[]

Weight VALUES for  150
[array([[-0.44010472,  0.01803319,  0.576125  , -0.48030287,  0.70938367,
        -0.4927429 ],
       [-0.07144068, -0.48335302,  0.20215595, -0.4715296 , -0.62943673,
        -0.33543652],
       [ 0.43478742,  0.800082  , -0.7575653 ,  0.79055226,  0.5718495 ,
         0.07884952]], dtype=float32), array([-0.02563607, -0.02555882,  0.00580385,  0.00302456,  0.01713916,
       -0.0148672 ], dtype=float32)]
[array([[-0.06061623,  0.5312136 ,  0.10232072,  0.2870158 ,  0.5981513 ],
       [-0.03769813, -0.5416092 ,  0.6316415 ,  0.21254392,  0.27572972],
       [ 0.5793448 ,  0.23096605, -0.10676116,  0.5750174 , -0.51907295],
       [-0.2727541 , -0.01979345,  0.19730447,  0.11806673, -0.44158387],
       [ 0.12453873,  0.5921826 , -0.7264759 , -0.5614876 ,  0.31259763],
       [ 0.5899308 ,  0.64505225,  0.08011341, -0.34005627,  0.11959241]],
      dtype=float32), array([-0.0055829 , -0.01277758, -0.03972662, -0.0065561 , -0.02219441],
      dtype=float32)]
[]
[array([[ 0.43394524, -0.76270527, -0.47178942],
       [ 0.34994182,  0.6753386 , -0.46619296],
       [-0.49028027, -0.2592047 , -0.40644392],
       [-0.5591872 , -0.25199875,  0.39719018],
       [-0.3375112 ,  0.54077834, -0.08643522]], dtype=float32), array([ 0.15536137, -0.01174121,  0.18071319], dtype=float32)]
[]

Weight VALUES for  200
[array([[-0.44077936,  0.01722914,  0.57636464, -0.4802414 ,  0.70993686,
        -0.49324977],
       [-0.07246785, -0.484176  ,  0.20265801, -0.4714016 , -0.62906265,
        -0.33615202],
       [ 0.4336817 ,  0.79947495, -0.75693524,  0.7907144 ,  0.57192564,
         0.07810532]], dtype=float32), array([-0.0289457 , -0.02752638,  0.00765004,  0.00349459,  0.01754558,
       -0.01708489], dtype=float32)]
[array([[-0.0604783 ,  0.5311184 ,  0.10254748,  0.28709087,  0.59814245],
       [-0.03758581, -0.54189205,  0.6314088 ,  0.2126399 ,  0.27546597],
       [ 0.5791254 ,  0.23124635, -0.10685417,  0.57487667, -0.51889616],
       [-0.27253595, -0.0199768 ,  0.19759654,  0.11819182, -0.44163704],
       [ 0.12450476,  0.59184086, -0.72727287, -0.5614469 ,  0.3121419 ],
       [ 0.5900421 ,  0.64542484,  0.08123413, -0.3400631 ,  0.12016008]],
      dtype=float32), array([-0.00524194, -0.01521808, -0.04383174, -0.00605834, -0.02506168],
      dtype=float32)]
[]
[array([[ 0.44217625, -0.7657686 , -0.4602241 ],
       [ 0.35811698,  0.6720491 , -0.4546198 ],
       [-0.4823373 , -0.26270428, -0.39510083],
       [-0.5505683 , -0.25529832,  0.40933168],
       [-0.32873416,  0.5371235 , -0.07396098]], dtype=float32), array([ 0.17280899, -0.01859506,  0.20536004], dtype=float32)]
[]

Weight VALUES for  250
[array([[-0.4412167 ,  0.01673846,  0.57656294, -0.48020464,  0.71025556,
        -0.49355742],
       [-0.07316492, -0.484612  ,  0.20310348, -0.47132164, -0.62894666,
        -0.33653042],
       [ 0.43286029,  0.79928076, -0.7563222 ,  0.790842  ,  0.57168555,
         0.0776662 ]], dtype=float32), array([-0.03137617, -0.02821273,  0.00943017,  0.00386086,  0.01696971,
       -0.01838237], dtype=float32)]
[array([[-0.06033175,  0.5310171 ,  0.10275144,  0.28715652,  0.59811467],
       [-0.0374039 , -0.5421631 ,  0.63135046,  0.21275303,  0.27524802],
       [ 0.5788506 ,  0.23152103, -0.10702819,  0.57474166, -0.5187256 ],
       [-0.27228782, -0.02019433,  0.19787349,  0.11832046, -0.4417288 ],
       [ 0.12457704,  0.5915433 , -0.727719  , -0.5613644 ,  0.31180853],
       [ 0.59002995,  0.6456815 ,  0.08190511, -0.3400859 ,  0.12054425]],
      dtype=float32), array([-0.00421284, -0.01721514, -0.04584277, -0.00548047, -0.02718037],
      dtype=float32)]
[]
[array([[ 0.44691652, -0.7693289 , -0.45364967],
       [ 0.3627637 ,  0.66824126, -0.44810155],
       [-0.47787705, -0.26672432, -0.38880226],
       [-0.54560965, -0.25910944,  0.41619885],
       [-0.3237697 ,  0.53290516, -0.06696682]], dtype=float32), array([ 0.18279469, -0.02653159,  0.21928939], dtype=float32)]
[]

Weight VALUES for  300
[array([[-0.4414662 ,  0.01638087,  0.57666075, -0.48019108,  0.71052504,
        -0.49374557],
       [-0.07362673, -0.4848538 ,  0.20342821, -0.47126666, -0.6289257 ,
        -0.3367654 ],
       [ 0.43227   ,  0.7993316 , -0.75583017,  0.79095805,  0.57128114,
         0.07732263]], dtype=float32), array([-0.03307432, -0.02819789,  0.01081642,  0.00417794,  0.01596552,
       -0.01935631], dtype=float32)]
[array([[-0.06018803,  0.5308863 ,  0.1029487 ,  0.2872423 ,  0.59807533],
       [-0.03723423, -0.5424298 ,  0.63139534,  0.21289529,  0.27508456],
       [ 0.5785839 ,  0.2318202 , -0.1072595 ,  0.5745698 , -0.518577  ],
       [-0.27204746, -0.02045911,  0.19816336,  0.11848879, -0.4418269 ],
       [ 0.12462922,  0.59131104, -0.72796905, -0.56126887,  0.31159478],
       [ 0.59002763,  0.64583135,  0.08234683, -0.34009758,  0.12078419]],
      dtype=float32), array([-0.00327879, -0.01884758, -0.04675256, -0.00483052, -0.02863203],
      dtype=float32)]
[]
[array([[ 0.44932133, -0.77240366, -0.44968483],
       [ 0.36502072,  0.66491336, -0.44421196],
       [-0.47579813, -0.27029464, -0.38509047],
       [-0.5431065 , -0.26242048,  0.42032433],
       [-0.32140112,  0.5291905 , -0.0628088 ]], dtype=float32), array([ 0.1877383 , -0.0334573 ,  0.22763813], dtype=float32)]
[]

Weight VALUES for  350
[array([[-0.44175613,  0.01554622,  0.57677525, -0.48026705,  0.7113735 ,
        -0.49366754],
       [-0.07420745, -0.48550096,  0.20387328, -0.47128668, -0.62845075,
        -0.33672512],
       [ 0.43146393,  0.7991898 , -0.75510305,  0.79104924,  0.571018  ,
         0.07714231]], dtype=float32), array([-0.03539998, -0.02900917,  0.01289014,  0.00436243,  0.01571588,
       -0.01964189], dtype=float32)]
[array([[-0.05998961,  0.5306147 ,  0.10329019,  0.28744322,  0.59801865],
       [-0.03694471, -0.5427995 ,  0.6314737 ,  0.21308029,  0.27483568],
       [ 0.5781783 ,  0.23232535, -0.1076591 ,  0.57426023, -0.5183536 ],
       [-0.27168474, -0.02095555,  0.19864923,  0.11882513, -0.44198766],
       [ 0.12478659,  0.5911485 , -0.7283971 , -0.56129366,  0.3112755 ],
       [ 0.5899368 ,  0.64578223,  0.08308053, -0.3398743 ,  0.12112441]],
      dtype=float32), array([-0.00141763, -0.02033587, -0.04829878, -0.00473312, -0.03079307],
      dtype=float32)]
[]
[array([[ 0.45461577, -0.77623606, -0.4452232 ],
       [ 0.3700278 ,  0.6606709 , -0.43986467],
       [-0.47116402, -0.274961  , -0.3809793 ],
       [-0.53763163, -0.26657712,  0.42494982],
       [-0.3161683 ,  0.52440614, -0.05816914]], dtype=float32), array([ 0.19861628, -0.04223223,  0.23699853], dtype=float32)]
[]

Weight VALUES for  400
[array([[-0.44197446,  0.01366051,  0.5768076 , -0.48056772,  0.7135768 ,
        -0.49296018],
       [-0.07454541, -0.48743188,  0.20402892, -0.4715846 , -0.62625104,
        -0.33598822],
       [ 0.43085447,  0.7978307 , -0.75462276,  0.7908834 ,  0.5723731 ,
         0.07761187]], dtype=float32), array([-0.03709738, -0.03357081,  0.01420298,  0.00374169,  0.02046868,
       -0.01786464], dtype=float32)]
[array([[-0.0598457 ,  0.53023565,  0.10375524,  0.2877599 ,  0.59800446],
       [-0.03668321, -0.5430011 ,  0.6313634 ,  0.21311882,  0.2745834 ],
       [ 0.5778726 ,  0.23280814, -0.10804682,  0.57393754, -0.51818526],
       [-0.27137318, -0.02154141,  0.19921955,  0.11925496, -0.44211853],
       [ 0.1249819 ,  0.59145325, -0.72936296, -0.5617618 ,  0.31088182],
       [ 0.58991027,  0.6450599 ,  0.08450397, -0.33906904,  0.12147444]],
      dtype=float32), array([-9.6637399e-05, -1.9017214e-02, -5.2667763e-02, -6.9745099e-03,
       -3.2834228e-02], dtype=float32)]
[]
[array([[ 0.46738622, -0.77526695, -0.43902558],
       [ 0.382437  ,  0.6612301 , -0.43377623],
       [-0.45943683, -0.27481768, -0.375181  ],
       [-0.524425  , -0.26563826,  0.43137893],
       [-0.30306008,  0.5247983 , -0.05166509]], dtype=float32), array([ 0.22526234, -0.04071996,  0.25006023], dtype=float32)]
[]

Weight VALUES for  50
[array([[-0.4082036 , -0.03738311,  0.59429747, -0.5040474 ,  0.78856105,
        -0.44049644],
       [-0.04019404, -0.54029584,  0.22157943, -0.4955386 , -0.5489564 ,
        -0.2826917 ],
       [ 0.46448833,  0.74584293, -0.7364697 ,  0.76711816,  0.64839953,
         0.13099262]], dtype=float32), array([ 0.07184394, -0.20130831,  0.06922599, -0.07207675,  0.26574612,
        0.15054488], dtype=float32)]
[array([[-0.05599436,  0.5306467 ,  0.1064912 ,  0.28847617,  0.5981428 ],
       [-0.04594607, -0.5549278 ,  0.633412  ,  0.21357085,  0.27056333],
       [ 0.58185387,  0.24007387, -0.11041307,  0.57374793, -0.51563764],
       [-0.28003803, -0.03914367,  0.20707072,  0.12112357, -0.4476773 ],
       [ 0.16425803,  0.667415  , -0.7646571 , -0.5713146 ,  0.33299747],
       [ 0.5831124 ,  0.61426324,  0.10694645, -0.33303174,  0.11318728]],
      dtype=float32), array([ 0.07427739,  0.17163604, -0.16243654, -0.03597255,  0.02154926],
      dtype=float32)]
[]
[array([[ 0.9671131 , -0.5886225 , -0.21909377],
       [ 0.93972796,  0.86319065, -0.19641405],
       [-0.07889295, -0.12309682, -0.1944171 ],
       [-0.07287227, -0.08917966,  0.6405915 ],
       [ 0.220393  ,  0.7207506 ,  0.17994381]], dtype=float32), array([1.2231342 , 0.33967963, 0.70002407], dtype=float32)]
[]

Weight VALUES for  50
[array([[-0.40066668, -0.03818504,  0.59157026, -0.50560606,  0.7920443 ,
        -0.44147816],
       [-0.03182886, -0.54110354,  0.21848968, -0.497218  , -0.5452327 ,
        -0.28399464],
       [ 0.47174877,  0.7452038 , -0.7392003 ,  0.76569927,  0.6515253 ,
         0.1296989 ]], dtype=float32), array([ 0.09620871, -0.20332302,  0.05982172, -0.07675971,  0.2760729 ,
        0.14592274], dtype=float32)]
[array([[-0.05763318,  0.53176033,  0.1059742 ,  0.28974393,  0.5999774 ],
       [-0.04287983, -0.55744576,  0.63441956,  0.211221  ,  0.26681894],
       [ 0.5802387 ,  0.2416415 , -0.11097205,  0.57499534, -0.51348656],
       [-0.27723575, -0.04169082,  0.20802625,  0.11894347, -0.45128793],
       [ 0.15523578,  0.6747731 , -0.76764745, -0.5643351 ,  0.3439852 ],
       [ 0.58370227,  0.613478  ,  0.10718767, -0.3335352 ,  0.1122335 ]],
      dtype=float32), array([ 0.05651347,  0.18550438, -0.1682191 , -0.02235901,  0.04270009],
      dtype=float32)]
[]
[array([[ 0.9653762 , -0.5382837 , -0.16717812],
       [ 0.9376177 ,  0.92300373, -0.13459663],
       [-0.0801879 , -0.09346892, -0.16358143],
       [-0.07427622, -0.05040884,  0.680659  ],
       [ 0.21856487,  0.77106786,  0.23206031]], dtype=float32), array([1.2198912 , 0.42995465, 0.793349  ], dtype=float32)]
[]

Weight VALUES for  100
[array([[-0.37984884, -0.03909612,  0.58758235, -0.51054937,  0.8002231 ,
        -0.44229668],
       [-0.00866803, -0.54199976,  0.21400082, -0.5026512 , -0.5363343 ,
        -0.28517273],
       [ 0.4916801 ,  0.74455905, -0.7430458 ,  0.7610893 ,  0.65894324,
         0.12840915]], dtype=float32), array([ 0.16289362, -0.20442688,  0.04528632, -0.09153762,  0.2994753 ,
        0.13923994], dtype=float32)]
[array([[-0.06260858,  0.536877  ,  0.10474783,  0.29603913,  0.6080834 ],
       [-0.03666679, -0.56413853,  0.6359764 ,  0.20372531,  0.25659958],
       [ 0.57749045,  0.24513373, -0.11171626,  0.5783848 , -0.5085305 ],
       [-0.27131712, -0.04887124,  0.20960481,  0.11145638, -0.46176606],
       [ 0.13734782,  0.69497156, -0.7723729 , -0.5417405 ,  0.3744292 ],
       [ 0.58490866,  0.6110317 ,  0.10764541, -0.3354981 ,  0.10919832]],
      dtype=float32), array([ 0.02209583,  0.2217812 , -0.1769416 ,  0.01968936,  0.09880641],
      dtype=float32)]
[]
[array([[ 0.9549894 , -0.42908713, -0.03977162],
       [ 0.924723  ,  1.0585533 ,  0.02395916],
       [-0.08703062, -0.02917781, -0.08793897],
       [-0.08280141,  0.03696804,  0.7827964 ],
       [ 0.20749657,  0.8874319 ,  0.36848065]], dtype=float32), array([1.2007535, 0.6295996, 1.0268393], dtype=float32)]
[]

Weight VALUES for  150
[array([[-0.3674683 , -0.03915789,  0.5867247 , -0.5138091 ,  0.8046745 ,
        -0.44184703],
       [ 0.00487536, -0.5416105 ,  0.21274967, -0.50599074, -0.53215307,
        -0.28555578],
       [ 0.50339717,  0.744975  , -0.744321  ,  0.7582686 ,  0.6624579 ,
         0.12786889]], dtype=float32), array([ 0.19974361, -0.20187984,  0.04020525, -0.09975883,  0.3086903 ,
        0.13506527], dtype=float32)]
[array([[-0.06632702,  0.5404847 ,  0.10445096,  0.30174777,  0.6146255 ],
       [-0.03395307, -0.5673573 ,  0.6362602 ,  0.1990524 ,  0.25115806],
       [ 0.576888  ,  0.24698322, -0.1118791 ,  0.58019894, -0.50613475],
       [-0.26882148, -0.05310623,  0.20996994,  0.10632217, -0.46808535],
       [ 0.12912773,  0.70617515, -0.7733103 , -0.5271247 ,  0.39215901],
       [ 0.585134  ,  0.60915005,  0.10780457, -0.3369791 ,  0.10706624]],
      dtype=float32), array([ 0.00606437,  0.23953316, -0.17845209,  0.0457495 ,  0.12928383],
      dtype=float32)]
[]
[array([[ 9.4063079e-01, -3.7901688e-01,  2.4686150e-02],
       [ 9.0596062e-01,  1.1238524e+00,  1.0794856e-01],
       [-9.6827388e-02,  2.9053623e-04, -4.9588505e-02],
       [-9.5208935e-02,  7.8901999e-02,  8.3697826e-01],
       [ 1.9085263e-01,  9.4497418e-01,  4.4247407e-01]], dtype=float32), array([1.1734786 , 0.72303075, 1.1472126 ], dtype=float32)]
[]

Weight VALUES for  200
[array([[-0.36114106, -0.0393054 ,  0.58634925, -0.5155829 ,  0.80726385,
        -0.44119966],
       [ 0.01137955, -0.541398  ,  0.212169  , -0.5076453 , -0.53004104,
        -0.28554437],
       [ 0.5090054 ,  0.7451518 , -0.744745  ,  0.7568256 ,  0.6642762 ,
         0.12791876]], dtype=float32), array([ 0.21615867, -0.20032284,  0.03683544, -0.10324117,  0.31270757,
        0.13276903], dtype=float32)]
[array([[-0.06833325,  0.54225385,  0.10447951,  0.30454808,  0.61796135],
       [-0.03241172, -0.56868976,  0.6362319 ,  0.19716583,  0.24873957],
       [ 0.5765001 ,  0.24798194, -0.11190047,  0.5809504 , -0.50491   ],
       [-0.26743975, -0.05529733,  0.20999297,  0.10396707, -0.47129375],
       [ 0.12532027,  0.71171194, -0.77335435, -0.52059454,  0.40064886],
       [ 0.5851201 ,  0.6079171 ,  0.10786644, -0.33787096,  0.10575282]],
      dtype=float32), array([-0.00204418,  0.24718913, -0.17834696,  0.05664233,  0.14293204],
      dtype=float32)]
[]
[array([[ 0.9302903 , -0.35573864,  0.04844677],
       [ 0.89246804,  1.1547562 ,  0.13979812],
       [-0.1038588 ,  0.0137514 , -0.03561913],
       [-0.10434259,  0.09884829,  0.85746986],
       [ 0.17894526,  0.97243536,  0.47101387]], dtype=float32), array([1.1539431 , 0.76664984, 1.1921641 ], dtype=float32)]
[]

Weight VALUES for  250
[array([[-0.35797703, -0.03941668,  0.58656096, -0.5165576 ,  0.808573  ,
        -0.4406504 ],
       [ 0.01446536, -0.5413569 ,  0.212325  , -0.50853735, -0.5289897 ,
        -0.28525472],
       [ 0.51150084,  0.7454012 , -0.74465376,  0.7561865 ,  0.66479236,
         0.1278058 ]], dtype=float32), array([ 0.22162798, -0.19841023,  0.0355313 , -0.10386655,  0.311891  ,
        0.12978353], dtype=float32)]
[array([[-0.06939683,  0.5424066 ,  0.10454617,  0.30606169,  0.61916924],
       [-0.03178627, -0.56904566,  0.6362002 ,  0.19634405,  0.24787277],
       [ 0.576505  ,  0.24864861, -0.11192373,  0.5812777 , -0.5042788 ],
       [-0.2670627 , -0.05639101,  0.21000567,  0.10281273, -0.47276357],
       [ 0.12366939,  0.7134501 , -0.77330625, -0.5171    ,  0.40414476],
       [ 0.5848022 ,  0.6068783 ,  0.1079263 , -0.3383803 ,  0.10486899]],
      dtype=float32), array([-0.00602828,  0.24826016, -0.1781116 ,  0.06205921,  0.14767744],
      dtype=float32)]
[]
[array([[ 0.9231261 , -0.3488056 ,  0.06001617],
       [ 0.883008  ,  1.1640571 ,  0.1555983 ],
       [-0.10910591,  0.01732898, -0.02888478],
       [-0.11072353,  0.1047845 ,  0.8675248 ],
       [ 0.1705144 ,  0.98071915,  0.4853339 ]], dtype=float32), array([1.1402293, 0.7795561, 1.2142437], dtype=float32)]
[]

Weight VALUES for  300
[array([[-0.35621879, -0.03945751,  0.5868102 , -0.517115  ,  0.8092502 ,
        -0.44032645],
       [ 0.01627213, -0.5412953 ,  0.21278402, -0.5091113 , -0.52848756,
        -0.2850017 ],
       [ 0.51286656,  0.7456446 , -0.7442561 ,  0.75580925,  0.6648566 ,
         0.12771776]], dtype=float32), array([ 0.22181426, -0.19511785,  0.03335673, -0.10233842,  0.30708542,
        0.12386746], dtype=float32)]
[array([[-0.07048174,  0.5415608 ,  0.10466053,  0.30714744,  0.6194569 ],
       [-0.03088834, -0.5685626 ,  0.6361099 ,  0.19587192,  0.24768938],
       [ 0.57634383,  0.24896766, -0.11191931,  0.5813598 , -0.5039612 ],
       [-0.26659095, -0.05668091,  0.20997545,  0.10215341, -0.47344303],
       [ 0.12203909,  0.71308297, -0.77316177, -0.5149055 ,  0.4054883 ],
       [ 0.5841824 ,  0.6057906 ,  0.10801291, -0.33871245,  0.10414446]],
      dtype=float32), array([-0.0109228 ,  0.24489328, -0.17760202,  0.06549807,  0.14858362],
      dtype=float32)]
[]
[array([[ 0.9115221 , -0.3478093 ,  0.06655387],
       [ 0.8680114 ,  1.1653805 ,  0.16479231],
       [-0.11731645,  0.01729021, -0.02496381],
       [-0.12102092,  0.10553929,  0.873353  ],
       [ 0.15737021,  0.981847  ,  0.4938638 ]], dtype=float32), array([1.1184313, 0.7811975, 1.2270588], dtype=float32)]
[]

Weight VALUES for  350
[array([[-0.35600635, -0.0394366 ,  0.58709323, -0.5172125 ,  0.8092456 ,
        -0.4402403 ],
       [ 0.01653017, -0.5411687 ,  0.21286175, -0.50915825, -0.5285982 ,
        -0.2851293 ],
       [ 0.51311475,  0.74564445, -0.74403423,  0.75568944,  0.6649245 ,
         0.12784527]], dtype=float32), array([ 0.21790406, -0.19213867,  0.03121586, -0.09977101,  0.30125675,
        0.11811939], dtype=float32)]
[array([[-0.07128721,  0.540423  ,  0.10477885,  0.30725902,  0.6189854 ],
       [-0.0299883 , -0.56743634,  0.6359927 ,  0.19578129,  0.2481524 ],
       [ 0.57619333,  0.24875025, -0.11190456,  0.5814473 , -0.5040421 ],
       [-0.26614624, -0.05609017,  0.20991972,  0.10195532, -0.47325072],
       [ 0.12124187,  0.7116148 , -0.7730371 , -0.5145364 ,  0.40488017],
       [ 0.58366984,  0.6051183 ,  0.10808403, -0.33888116,  0.10376583]],
      dtype=float32), array([-0.01467748,  0.23954718, -0.17707388,  0.06588598,  0.14622836],
      dtype=float32)]
[]
[array([[ 0.90117806, -0.35145214,  0.06643857],
       [ 0.8548502 ,  1.1606977 ,  0.16477576],
       [-0.12460373,  0.01480053, -0.02532271],
       [-0.1303675 ,  0.10231754,  0.87321746],
       [ 0.14593601,  0.977751  ,  0.49391785]], dtype=float32), array([1.0990942, 0.7743842, 1.2268709], dtype=float32)]
[]

Weight VALUES for  400
[array([[-0.34996775, -0.04353605,  0.59183997, -0.52132446,  0.81736606,
        -0.43146175],
       [ 0.02289149, -0.5453317 ,  0.21743152, -0.513368  , -0.52021396,
        -0.2762604 ],
       [ 0.519531  ,  0.7415311 , -0.73944986,  0.7514797 ,  0.67324793,
         0.13664974]], dtype=float32), array([ 0.2317352 , -0.20108902,  0.04211034, -0.10909759,  0.31925982,
        0.13770175], dtype=float32)]
[array([[-0.06655382,  0.54580796,  0.10423847,  0.30797014,  0.6216566 ],
       [-0.03206033, -0.5695727 ,  0.6362132 ,  0.19553424,  0.24718042],
       [ 0.5773324 ,  0.24976905, -0.11203585,  0.58151025, -0.50367737],
       [-0.2698163 , -0.05997859,  0.2103454 ,  0.10158245, -0.47499424],
       [ 0.13288708,  0.7243705 , -0.77438694, -0.51301306,  0.41091505],
       [ 0.5815938 ,  0.60279936,  0.10834291, -0.3390044 ,  0.10274575]],
      dtype=float32), array([ 0.0013185 ,  0.25675672, -0.17887306,  0.06812716,  0.15441765],
      dtype=float32)]
[]
[array([[ 0.93989676, -0.34359032,  0.07591256],
       [ 0.9083386 ,  1.17179   ,  0.17784132],
       [-0.10276117,  0.0192972 , -0.01983553],
       [-0.0967416 ,  0.10918104,  0.88141084],
       [ 0.19477841,  0.98801297,  0.50582707]], dtype=float32), array([1.1730702, 0.7895858, 1.2449392], dtype=float32)]
[]

Weight VALUES for  450
[array([[-0.32884535, -0.05103669,  0.60223615, -0.5327716 ,  0.83712155,
        -0.41242713],
       [ 0.04464339, -0.55308354,  0.22820485, -0.5251703 , -0.49984825,
        -0.25660425],
       [ 0.54123   ,  0.73379815, -0.7287032 ,  0.739708  ,  0.6935597 ,
         0.15625611]], dtype=float32), array([ 0.29388428, -0.22323443,  0.07289137, -0.14281921,  0.37744576,
        0.19386378], dtype=float32)]
[array([[-0.05209133,  0.5657059 ,  0.10341222,  0.31533587,  0.6359621 ],
       [-0.03894971, -0.57906646,  0.6366114 ,  0.19203371,  0.24035847],
       [ 0.58073914,  0.25450698, -0.11221889,  0.583282  , -0.5002261 ],
       [-0.27929318, -0.07307301,  0.21088566,  0.0967493 , -0.48442495],
       [ 0.16186279,  0.7643508 , -0.77606124, -0.49831083,  0.4396269 ],
       [ 0.5808043 ,  0.6016838 ,  0.10841196, -0.33932996,  0.10200631]],
      dtype=float32), array([ 0.04343635,  0.31477144, -0.18135336,  0.08933752,  0.19592565],
      dtype=float32)]
[]
[array([[ 1.0448568 , -0.29531989,  0.12746346],
       [ 1.0512978 ,  1.2375153 ,  0.24805261],
       [-0.04534234,  0.04553055,  0.00824338],
       [-0.00934301,  0.14926653,  0.9242404 ],
       [ 0.3222671 ,  1.046584  ,  0.56840277]], dtype=float32), array([1.3635046, 0.8769339, 1.3382533], dtype=float32)]
[]

Weight VALUES for  500
[array([[-0.3073081 , -0.05623465,  0.6126514 , -0.54430974,  0.8549254 ,
        -0.39572483],
       [ 0.06642856, -0.5583227 ,  0.23869902, -0.53682405, -0.48186696,
        -0.23976196],
       [ 0.5629289 ,  0.7285841 , -0.7182391 ,  0.7281015 ,  0.711457  ,
         0.17302774]], dtype=float32), array([ 0.35595706, -0.23810105,  0.10269666, -0.17597307,  0.42856595,
        0.24169365], dtype=float32)]
[array([[-0.03530547,  0.58653426,  0.10369884,  0.3265675 ,  0.65395725],
       [-0.04637803, -0.58830965,  0.6364886 ,  0.18707179,  0.2323796 ],
       [ 0.58579195,  0.2607343 , -0.11213213,  0.58662003, -0.49485388],
       [-0.290192  , -0.08656223,  0.21070372,  0.0895187 , -0.4960552 ],
       [ 0.19226412,  0.80200356, -0.77556324, -0.4781012 ,  0.47207642],
       [ 0.58265555,  0.6040013 ,  0.1084567 , -0.3380233 ,  0.10405765]],
      dtype=float32), array([ 0.08274045,  0.36366326, -0.18072106,  0.11557566,  0.2380738 ],
      dtype=float32)]
[]
[array([[ 1.1374710e+00, -2.4661691e-01,  1.8208659e-01],
       [ 1.1764954e+00,  1.3033346e+00,  3.2189536e-01],
       [-8.4522041e-04,  6.8998955e-02,  3.4564335e-02],
       [ 6.3457258e-02,  1.8757512e-01,  9.6719772e-01],
       [ 4.3281701e-01,  1.1046902e+00,  6.3360524e-01]], dtype=float32), array([1.5201483, 0.9593083, 1.4306657], dtype=float32)]
[]

Weight VALUES for  50
[array([[-0.32432216, -0.05095321,  0.6025375 , -0.5342083 ,  0.8389019 ,
        -0.41184112],
       [ 0.04970491, -0.5530746 ,  0.22862394, -0.5268309 , -0.49772182,
        -0.25577217],
       [ 0.5454595 ,  0.73377025, -0.7284117 ,  0.7383162 ,  0.69540447,
         0.15698704]], dtype=float32), array([ 0.30730256, -0.22283256,  0.07332537, -0.14692631,  0.38252106,
        0.19515333], dtype=float32)]
[array([[-0.05270161,  0.56843555,  0.10356662,  0.31849226,  0.63987625],
       [-0.03853994, -0.5805507 ,  0.6365201 ,  0.19010758,  0.23810679],
       [ 0.5804809 ,  0.25537932, -0.11216354,  0.584509  , -0.4988537 ],
       [-0.27883542, -0.07508465,  0.21076909,  0.09419841, -0.48741603],
       [ 0.1607221 ,  0.76927674, -0.77577895, -0.49244985,  0.44677952],
       [ 0.5806438 ,  0.60170746,  0.10842303, -0.33926293,  0.10211066]],
      dtype=float32), array([ 0.04151274,  0.3217574 , -0.18093224,  0.09788222,  0.20627934],
      dtype=float32)]
[]
[array([[ 1.0426282 , -0.27865002,  0.14591914],
       [ 1.0484452 ,  1.2600294 ,  0.27285743],
       [-0.04656227,  0.05403764,  0.01747212],
       [-0.01114923,  0.16284828,  0.9392568 ],
       [ 0.31985644,  1.066408  ,  0.59014845]], dtype=float32), array([1.3597199 , 0.90593296, 1.3701761 ], dtype=float32)]
[]

Weight VALUES for  100
[array([[-0.31701365, -0.0506071 ,  0.60282344, -0.53640723,  0.84148437,
        -0.41131705],
       [ 0.05796604, -0.55278194,  0.22917107, -0.52941316, -0.4946487 ,
        -0.25490785],
       [ 0.55207247,  0.7339216 , -0.72818965,  0.7362399 ,  0.6980461 ,
         0.15774532]], dtype=float32), array([ 0.32540992, -0.22082964,  0.07213178, -0.15153714,  0.38723677,
        0.19379461], dtype=float32)]
[array([[-0.05470689,  0.57188314,  0.10393361,  0.32345656,  0.6457171 ],
       [-0.03732144, -0.58227044,  0.6363091 ,  0.18707088,  0.23489854],
       [ 0.5798036 ,  0.25659224, -0.11202721,  0.5865966 , -0.49669507],
       [-0.2775242 , -0.07788412,  0.21048392,  0.0898964 , -0.49212235],
       [ 0.15740271,  0.7756918 , -0.77512795, -0.48340604,  0.45737714],
       [ 0.5800664 ,  0.60120326,  0.10843572, -0.3395246 ,  0.10178151]],
      dtype=float32), array([ 0.03570064,  0.32962117, -0.17998604,  0.11047953,  0.22054887],
      dtype=float32)]
[]
[array([[ 1.0317049 , -0.2539525 ,  0.17204523],
       [ 1.0340278 ,  1.2937768 ,  0.30826193],
       [-0.05262302,  0.06626383,  0.03002064],
       [-0.02022573,  0.18316033,  0.9607587 ],
       [ 0.30736092,  1.0963567 ,  0.6213538 ]], dtype=float32), array([1.3408372, 0.9488613, 1.4152058], dtype=float32)]
[]

Weight VALUES for  150
[array([[-0.3141081 , -0.05016702,  0.60261166, -0.53708035,  0.842042  ,
        -0.41175303],
       [ 0.06127688, -0.5521472 ,  0.2290088 , -0.5301525 , -0.4942325 ,
        -0.2555734 ],
       [ 0.5542112 ,  0.7344061 , -0.7287081 ,  0.7358472 ,  0.6982647 ,
         0.15705536]], dtype=float32), array([ 0.32783133, -0.21787417,  0.0678143 , -0.15021716,  0.3838692 ,
        0.18751737], dtype=float32)]
[array([[-0.05765369,  0.57139814,  0.10418283,  0.32494417,  0.64704275],
       [-0.03582969, -0.5821012 ,  0.6361668 ,  0.18590167,  0.23403265],
       [ 0.5792548 ,  0.25694013, -0.11194056,  0.58759195, -0.49582112],
       [-0.27605653, -0.07835542,  0.21029417,  0.08796742, -0.4938396 ],
       [ 0.1532567 ,  0.7758879 , -0.77471685, -0.48046073,  0.46031344],
       [ 0.57916874,  0.60022473,  0.1084439 , -0.3401996 ,  0.10099609]],
      dtype=float32), array([ 0.0280414 ,  0.3279136 , -0.17936893,  0.11389864,  0.2233253 ],
      dtype=float32)]
[]
[array([[ 1.0154241 , -0.24544802,  0.17831765],
       [ 1.0120119 ,  1.3055342 ,  0.3168668 ],
       [-0.06205966,  0.07014795,  0.03219448],
       [-0.03411338,  0.19018036,  0.96596414],
       [ 0.2879226 ,  1.1068592 ,  0.62896025]], dtype=float32), array([1.3120819 , 0.96357924, 1.4257232 ], dtype=float32)]
[]

Weight VALUES for  200
[array([[-0.3149838 , -0.04934252,  0.601585  , -0.53623927,  0.8403796 ,
        -0.4136487 ],
       [ 0.06017318, -0.5511607 ,  0.2278634 , -0.52916414, -0.49623582,
        -0.25779212],
       [ 0.55302185,  0.73526406, -0.72931683,  0.7366909 ,  0.69638956,
         0.15526935]], dtype=float32), array([ 0.31930825, -0.2132893 ,  0.06228087, -0.14450024,  0.37306908,
        0.17665508], dtype=float32)]
[array([[-0.06074356,  0.5678115 ,  0.10430568,  0.32470864,  0.6450564 ],
       [-0.03367423, -0.5802511 ,  0.63606226,  0.18617669,  0.23497613],
       [ 0.57808137,  0.2562899 , -0.11186954,  0.5875035 , -0.4960433 ],
       [-0.2736969 , -0.07653819,  0.21016675,  0.08808985, -0.4930468 ],
       [ 0.14858699,  0.770933  , -0.7745094 , -0.48062494,  0.4577355 ],
       [ 0.5785957 ,  0.59923583,  0.10844705, -0.3404714 ,  0.10026766]],
      dtype=float32), array([ 0.01926627,  0.31850386, -0.1790066 ,  0.11287696,  0.21808068],
      dtype=float32)]
[]
[array([[ 0.9941525 , -0.25080198,  0.17600097],
       [ 0.9833704 ,  1.2979956 ,  0.31399977],
       [-0.0739744 ,  0.06651051,  0.0307327 ],
       [-0.05241737,  0.18548946,  0.96392775],
       [ 0.26271743,  1.0999757 ,  0.6265938 ]], dtype=float32), array([1.2745935 , 0.95359486, 1.4217491 ], dtype=float32)]
[]

Weight VALUES for  250
[array([[-0.31863078, -0.04831956,  0.6005959 , -0.53446   ,  0.8371781 ,
        -0.4161895 ],
       [ 0.05585461, -0.5499697 ,  0.22662385, -0.5270849 , -0.49995247,
        -0.260758  ],
       [ 0.5491826 ,  0.73631424, -0.73008573,  0.7384502 ,  0.6930814 ,
         0.15280701]], dtype=float32), array([ 0.30085906, -0.20736268,  0.05679514, -0.13520597,  0.35579503,
        0.1625298 ], dtype=float32)]
[array([[-0.06354914,  0.5617155 ,  0.10433656,  0.32286358,  0.64027864],
       [-0.03175892, -0.57704014,  0.63600963,  0.1872146 ,  0.2374368 ],
       [ 0.57715666,  0.25500688, -0.11183584,  0.5870376 , -0.49704608],
       [-0.27170357, -0.07306976,  0.21011895,  0.08928879, -0.490309  ],
       [ 0.14447932,  0.7619526 , -0.7744655 , -0.48338833,  0.45059812],
       [ 0.57805926,  0.59818566,  0.10846192, -0.3406391 ,  0.09954873]],
      dtype=float32), array([ 0.01108483,  0.30213568, -0.17886177,  0.10801034,  0.20539194],
      dtype=float32)]
[]
[array([[ 0.97168314, -0.2699161 ,  0.16679741],
       [ 0.95307654,  1.2716837 ,  0.3014885 ],
       [-0.08703439,  0.0552129 ,  0.02554562],
       [-0.07203279,  0.1688028 ,  0.9558772 ],
       [ 0.23594025,  1.0763508 ,  0.61548156]], dtype=float32), array([1.2343817, 0.9188483, 1.4052514], dtype=float32)]
[]

Weight VALUES for  300
[array([[-0.3222338 , -0.04778369,  0.60024023, -0.5330188 ,  0.8347394 ,
        -0.41768205],
       [ 0.05294038, -0.54964036,  0.22631149, -0.5259762 , -0.50173146,
        -0.26178575],
       [ 0.54699737,  0.73658925, -0.7302116 ,  0.73925287,  0.69170785,
         0.15205845]], dtype=float32), array([ 0.2865164 , -0.20462297,  0.05508957, -0.12924278,  0.3451931 ,
        0.15559593], dtype=float32)]
[array([[-0.06403851,  0.5584158 ,  0.10428119,  0.32122275,  0.6370489 ],
       [-0.03124188, -0.57471466,  0.63603413,  0.1884086 ,  0.23972958],
       [ 0.5768133 ,  0.25351736, -0.1118508 ,  0.5862464 , -0.4985566 ],
       [-0.27118084, -0.07034884,  0.21015733,  0.09077717, -0.48754212],
       [ 0.14359245,  0.7559502 , -0.77456677, -0.48639604,  0.44463652],
       [ 0.5779217 ,  0.59781116,  0.10846826, -0.34064054,  0.09931366]],
      dtype=float32), array([ 0.00908816,  0.29128936, -0.17900138,  0.1028259 ,  0.19488248],
      dtype=float32)]
[]
[array([[ 0.96361077, -0.28708267,  0.15682177],
       [ 0.94248635,  1.2487117 ,  0.28815293],
       [-0.09165141,  0.04556985,  0.02012849],
       [-0.0790207 ,  0.15396005,  0.94722414],
       [ 0.22673883,  1.0561113 ,  0.6037521 ]], dtype=float32), array([1.220086 , 0.8881775, 1.3875002], dtype=float32)]
[]

Weight VALUES for  350
[array([[-0.32740915, -0.04684465,  0.59841675, -0.5306763 ,  0.8311774 ,
        -0.4205701 ],
       [ 0.04946832, -0.54923815,  0.2247149 , -0.52444935, -0.5036735 ,
        -0.263475  ],
       [ 0.5447744 ,  0.7368117 , -0.7312664 ,  0.7402075 ,  0.6905432 ,
         0.15104094]], dtype=float32), array([ 0.2679307 , -0.20103037,  0.04841658, -0.12077976,  0.33211908,
        0.14491114], dtype=float32)]
[array([[-0.06596646,  0.5548525 ,  0.10436703,  0.31853282,  0.6336602 ],
       [-0.02955436, -0.5714671 ,  0.6359566 ,  0.19053774,  0.2427478 ],
       [ 0.57560813,  0.25101122, -0.11179622,  0.5848025 , -0.5008591 ],
       [-0.2691514 , -0.066392  ,  0.21006656,  0.09339987, -0.4838288 ],
       [ 0.1396316 ,  0.7481403 , -0.77438974, -0.49165562,  0.4373234 ],
       [ 0.57790804,  0.5976959 ,  0.10847137, -0.34056312,  0.09927931]],
      dtype=float32), array([ 0.00186213,  0.27721468, -0.17866887,  0.09353916,  0.18184209],
      dtype=float32)]
[]
[array([[ 0.94510067, -0.30171946,  0.13525704],
       [ 0.91822815,  1.2296417 ,  0.25948367],
       [-0.10183311,  0.03763168,  0.00821   ],
       [-0.09496376,  0.14146405,  0.9284973 ],
       [ 0.20566171,  1.0396291 ,  0.5785692 ]], dtype=float32), array([1.1872344, 0.8624049, 1.3488532], dtype=float32)]
[]

Weight VALUES for  400
[array([[-0.32938814, -0.046885  ,  0.59771836, -0.5299672 ,  0.83050585,
        -0.42100355],
       [ 0.04746355, -0.54965085,  0.224333  , -0.5239604 , -0.50376123,
        -0.26316783],
       [ 0.543404  ,  0.7361044 , -0.7311295 ,  0.74028355,  0.6911437 ,
         0.15210164]], dtype=float32), array([ 0.25523365, -0.20047179,  0.04433044, -0.1160425 ,  0.32648653,
        0.14108515], dtype=float32)]
[array([[-0.06594583,  0.5531327 ,  0.10432328,  0.3156509 ,  0.6310645 ],
       [-0.02845646, -0.56953007,  0.6358767 ,  0.19221944,  0.24463803],
       [ 0.5745838 ,  0.24989448, -0.11170945,  0.58427477, -0.5016441 ],
       [-0.26805907, -0.06458553,  0.20999081,  0.09505949, -0.48203528],
       [ 0.13905068,  0.74507505, -0.7744045 , -0.49616596,  0.43313777],
       [ 0.5777713 ,  0.59723437,  0.10848264, -0.34089285,  0.09883177]],
      dtype=float32), array([-0.00062744,  0.26955438, -0.17856307,  0.08448854,  0.17273243],
      dtype=float32)]
[]
[array([[ 0.9385663 , -0.3098425 ,  0.11452729],
       [ 0.9106742 ,  1.218823  ,  0.2316711 ],
       [-0.10530205,  0.03243342, -0.00457972],
       [-0.10056294,  0.13423412,  0.91011477],
       [ 0.19976656,  1.030037  ,  0.5538139 ]], dtype=float32), array([1.1764795, 0.8473653, 1.3105094], dtype=float32)]
[]

Weight VALUES for  450
[array([[-0.32821918, -0.04732063,  0.5981082 , -0.5305707 ,  0.83167064,
        -0.42001882],
       [ 0.04837549, -0.5500565 ,  0.22482201, -0.52450025, -0.5027607 ,
        -0.2622114 ],
       [ 0.5441651 ,  0.73567957, -0.73056144,  0.73976207,  0.6921083 ,
         0.15310948]], dtype=float32), array([ 0.2553704 , -0.2010431 ,  0.04477481, -0.11643951,  0.32747674,
        0.14225186], dtype=float32)]
[array([[-0.06537419,  0.5534546 ,  0.10427111,  0.3155092 ,  0.63109225],
       [-0.02845523, -0.5695918 ,  0.6358759 ,  0.19229756,  0.24461612],
       [ 0.574516  ,  0.25016615, -0.11170397,  0.58436584, -0.5013751 ],
       [-0.26823625, -0.06510176,  0.21000782,  0.09496105, -0.4824266 ],
       [ 0.14010939,  0.7463526 , -0.7745027 , -0.49611655,  0.4338374 ],
       [ 0.5776058 ,  0.5967476 ,  0.10849784, -0.34112468,  0.09841069]],
      dtype=float32), array([ 0.00039569,  0.27022633, -0.17865846,  0.08395246,  0.17274979],
      dtype=float32)]
[]
[array([[ 0.9410122 , -0.3093808 ,  0.11350273],
       [ 0.91438085,  1.2194378 ,  0.23042852],
       [-0.10410209,  0.03217743, -0.00552539],
       [-0.09848595,  0.1344946 ,  0.90915024],
       [ 0.20330596,  1.0305288 ,  0.55276424]], dtype=float32), array([1.1812071, 0.8479574, 1.3085787], dtype=float32)]
[]

Weight VALUES for  500
[array([[-0.32904652, -0.0469828 ,  0.59758437, -0.5301006 ,  0.8308472 ,
        -0.42083192],
       [ 0.04694175, -0.5496448 ,  0.22429234, -0.5238332 , -0.5039396 ,
        -0.26318175],
       [ 0.5426868 ,  0.7360068 , -0.7309591 ,  0.7403745 ,  0.6910403 ,
         0.15233052]], dtype=float32), array([ 0.24654715, -0.19767457,  0.04045203, -0.11175662,  0.31891853,
        0.13444798], dtype=float32)]
[array([[-0.06680831,  0.5508979 ,  0.10442788,  0.31445515,  0.62921655],
       [-0.02722927, -0.5680492 ,  0.635749  ,  0.19274387,  0.24556963],
       [ 0.5740035 ,  0.24990176, -0.1116557 ,  0.58440936, -0.50140244],
       [-0.26718447, -0.0639253 ,  0.20990129,  0.095285  , -0.481741  ],
       [ 0.13775778,  0.7427437 , -0.77425236, -0.4975277 ,  0.43132082],
       [ 0.57720643,  0.5960626 ,  0.10854096, -0.34135816,  0.0979313 ]],
      dtype=float32), array([-0.00528312,  0.26175043, -0.17805697,  0.08093373,  0.16698942],
      dtype=float32)]
[]
[array([[ 0.92647284, -0.3153952 ,  0.10564169],
       [ 0.8953074 ,  1.2112157 ,  0.21978702],
       [-0.11332951,  0.02800044, -0.01070233],
       [-0.11132945,  0.12905891,  0.9021408 ],
       [ 0.18657334,  1.0230681 ,  0.5432031 ]], dtype=float32), array([1.154485 , 0.836449 , 1.2937744], dtype=float32)]
[]

Weight VALUES for  550
[array([[-0.3305791 , -0.04663556,  0.5973924 , -0.5294762 ,  0.82967263,
        -0.42160216],
       [ 0.0447484 , -0.549127  ,  0.22402175, -0.522949  , -0.5056364 ,
        -0.2642916 ],
       [ 0.54047585,  0.7363451 , -0.73096573,  0.741139  ,  0.68960196,
         0.15161276]], dtype=float32), array([ 0.23505192, -0.19410333,  0.03757841, -0.10648617,  0.30877477,
        0.12668651], dtype=float32)]
[array([[-0.06757488,  0.5478757 ,  0.10455078,  0.31324616,  0.6266925 ],
       [-0.02620598, -0.5661923 ,  0.6356216 ,  0.19324173,  0.24684575],
       [ 0.57354957,  0.24954666, -0.11160804,  0.58442557, -0.501531  ],
       [-0.26639315, -0.06241381,  0.20980312,  0.09570905, -0.48066932],
       [ 0.13666038,  0.738294  , -0.77407724, -0.4993441 ,  0.4275476 ],
       [ 0.57689846,  0.5954739 ,  0.10858213, -0.34152722,  0.09752759]],
      dtype=float32), array([-0.00904166,  0.2515036 , -0.17753042,  0.07730496,  0.15897234],
      dtype=float32)]
[]
[array([[ 0.9142983 , -0.32689843,  0.09714427],
       [ 0.87955916,  1.1955446 ,  0.20830308],
       [-0.12121386,  0.02039298, -0.016297  ],
       [-0.12223449,  0.11874254,  0.8945299 ],
       [ 0.17283902,  1.0088695 ,  0.5328521 ]], dtype=float32), array([1.1320655 , 0.81453055, 1.2776654 ], dtype=float32)]
[]

Weight VALUES for  600
[array([[-0.33156112, -0.0468208 ,  0.59732825, -0.5292517 ,  0.82959175,
        -0.42141113],
       [ 0.04320636, -0.5493299 ,  0.2241359 , -0.52261066, -0.505927  ,
        -0.2640401 ],
       [ 0.5385596 ,  0.7362557 , -0.73068064,  0.74159235,  0.6889564 ,
         0.15172337]], dtype=float32), array([ 0.22500299, -0.19288206,  0.03581311, -0.10279664,  0.30300072,
        0.12331912], dtype=float32)]
[array([[-0.06739689,  0.5458276 ,  0.10458817,  0.31159082,  0.6243878 ],
       [-0.02582756, -0.5652076 ,  0.6355573 ,  0.19415012,  0.2478596 ],
       [ 0.57325363,  0.24966165, -0.1115807 ,  0.5842673 , -0.501431  ],
       [-0.26620275, -0.06189529,  0.20976846,  0.0965256 , -0.4799754 ],
       [ 0.13689528,  0.73552334, -0.7740254 , -0.50199556,  0.42423838],
       [ 0.5766333 ,  0.5947803 ,  0.10862586, -0.3416973 ,  0.09703062]],
      dtype=float32), array([-0.00981594,  0.24456157, -0.17726618,  0.07175127,  0.15162171],
      dtype=float32)]
[]
[array([[ 0.91003966, -0.33615535,  0.08450054],
       [ 0.87439364,  1.1828144 ,  0.1914535 ],
       [-0.12423476,  0.01382215, -0.02448339],
       [-0.1260384 ,  0.11035135,  0.8832381 ],
       [ 0.16851312,  0.9971816 ,  0.51778275]], dtype=float32), array([1.1243694, 0.7964997, 1.2538399], dtype=float32)]
[]

Weight VALUES for  650
[array([[-0.3308799 , -0.04712248,  0.59761   , -0.52963245,  0.83033746,
        -0.42075557],
       [ 0.04347181, -0.54965264,  0.22449128, -0.5228994 , -0.5053166 ,
        -0.26334578],
       [ 0.5382987 ,  0.7360744 , -0.7302639 ,  0.7414988 ,  0.68911994,
         0.15218069]], dtype=float32), array([ 0.22149801, -0.19148262,  0.03471005, -0.10111158,  0.2995375 ,
        0.12055945], dtype=float32)]
[array([[-0.06746494,  0.54486585,  0.10463307,  0.31121275,  0.6235792 ],
       [-0.0254091 , -0.5648179 ,  0.6355012 ,  0.1942304 ,  0.24802062],
       [ 0.5731005 ,  0.2500418 , -0.11157788,  0.58445   , -0.50101566],
       [-0.2661041 , -0.06214259,  0.20976344,  0.09644725, -0.48024768],
       [ 0.1369761 ,  0.73484087, -0.77399933, -0.50224984,  0.42367336],
       [ 0.57621336,  0.5939408 ,  0.10869366, -0.3418771 ,  0.0964737 ]],
      dtype=float32), array([-0.01126312,  0.24111025, -0.17699273,  0.07080963,  0.14928916],
      dtype=float32)]
[]
[array([[ 0.90552443, -0.339165  ,  0.08209595],
       [ 0.8689117 ,  1.1785975 ,  0.18824399],
       [-0.12775669,  0.0111673 , -0.02643874],
       [-0.13014476,  0.10752431,  0.8809828 ],
       [ 0.16387056,  0.993199  ,  0.5148632 ]], dtype=float32), array([1.1160195, 0.7903182, 1.2491013], dtype=float32)]
[]

Weight VALUES for  700
[array([[-0.32560346, -0.04954217,  0.600291  , -0.53265786,  0.83613527,
        -0.41548905],
       [ 0.04793149, -0.5519355 ,  0.22664393, -0.5255549 , -0.49997178,
        -0.25850853],
       [ 0.5420668 ,  0.73403627, -0.7283188 ,  0.73917836,  0.69381124,
         0.15650433]], dtype=float32), array([ 0.23029758, -0.19583394,  0.03844322, -0.10628065,  0.30999696,
        0.12980966], dtype=float32)]
[array([[-0.06552576,  0.54773015,  0.104395  ,  0.31135136,  0.62524766],
       [-0.02636543, -0.5665075 ,  0.63563037,  0.1939027 ,  0.24688485],
       [ 0.57411486,  0.25168207, -0.11173403,  0.5851085 , -0.49984613],
       [-0.2682413 , -0.06546854,  0.21006626,  0.09559426, -0.48243302],
       [ 0.14246468,  0.7428119 , -0.7747306 , -0.50075024,  0.4286159 ],
       [ 0.57498044,  0.5922239 ,  0.1088733 , -0.34238246,  0.09539074]],
      dtype=float32), array([-0.00513118,  0.2506473 , -0.17777538,  0.07200436,  0.15523024],
      dtype=float32)]
[]
[array([[ 0.92311126, -0.3299287 ,  0.0867059 ],
       [ 0.8932478 ,  1.191133  ,  0.1944144 ],
       [-0.11930385,  0.01590838, -0.02512523],
       [-0.11532553,  0.11541003,  0.8845323 ],
       [ 0.18585132,  1.0044019 ,  0.5201854 ]], dtype=float32), array([1.1484476, 0.8072871, 1.2569189], dtype=float32)]
[]

Weight VALUES for  750
[array([[-0.31219596, -0.05315708,  0.6055647 , -0.5392454 ,  0.84726644,
        -0.4063862 ],
       [ 0.06199072, -0.5557228 ,  0.23199673, -0.532432  , -0.48827794,
        -0.24902973],
       [ 0.55565214,  0.73025995, -0.72314656,  0.73248094,  0.7053192 ,
         0.16586263]], dtype=float32), array([ 0.2687092 , -0.2060737 ,  0.05302593, -0.12502047,  0.34178197,
        0.15553269], dtype=float32)]
[array([[-0.05938957,  0.55910015,  0.10376154,  0.31698215,  0.63465255],
       [-0.02912283, -0.5716434 ,  0.63591987,  0.19109261,  0.24252169],
       [ 0.5755901 ,  0.25426635, -0.1118907 ,  0.5866627 , -0.49762365],
       [-0.272371  , -0.07296104,  0.21049982,  0.09155823, -0.4887307 ],
       [ 0.15467577,  0.76497436, -0.7760006 , -0.48960856,  0.44691116],
       [ 0.5742701 ,  0.5910567 ,  0.10895348, -0.3430007 ,  0.09444601]],
      dtype=float32), array([ 0.01226677,  0.28275084, -0.17959331,  0.0883238 ,  0.18191409],
      dtype=float32)]
[]
[array([[ 0.9700227 , -0.29656208,  0.12666908],
       [ 0.95779294,  1.2370209 ,  0.24908192],
       [-0.09343679,  0.03452177, -0.00326597],
       [-0.07537951,  0.14391151,  0.9185481 ],
       [ 0.24396782,  1.0457222 ,  0.5691829 ]], dtype=float32), array([1.2346568 , 0.86867964, 1.329959  ], dtype=float32)]
[]

Weight VALUES for  800
[array([[-0.28889623, -0.05756796,  0.61396575, -0.55037856,  0.8647942 ,
        -0.3929051 ],
       [ 0.08604328, -0.5603502 ,  0.24070926, -0.54396254, -0.4700679 ,
        -0.23497821],
       [ 0.57890314,  0.7256937 , -0.71457833,  0.7212774 ,  0.7230519 ,
         0.17964679]], dtype=float32), array([ 0.33574158, -0.21860318,  0.07716431, -0.15699151,  0.391967  ,
        0.1940707 ], dtype=float32)]
[array([[-0.04760269,  0.5800387 ,  0.10357577,  0.3302268 ,  0.6543037 ],
       [-0.03387356, -0.58044046,  0.6359759 ,  0.18534702,  0.23410068],
       [ 0.5784807 ,  0.2597339 , -0.11191254,  0.59029746, -0.49232808],
       [-0.27966416, -0.08631393,  0.21059437,  0.08293609, -0.5014343 ],
       [ 0.17527245,  0.8017498 , -0.77633595, -0.4662588 ,  0.4814783 ],
       [ 0.5745296 ,  0.5914762 ,  0.10896537, -0.34268317,  0.09487511]],
      dtype=float32), array([ 0.03977007,  0.33225396, -0.18002695,  0.12003346,  0.2286545 ],
      dtype=float32)]
[]
[array([[ 1.0382888 , -0.23624824,  0.1956788 ],
       [ 1.0521547 ,  1.3200628 ,  0.34406936],
       [-0.05848644,  0.06527012,  0.03203344],
       [-0.01857158,  0.19409178,  0.9759897 ],
       [ 0.3287074 ,  1.1200784 ,  0.6542319 ]], dtype=float32), array([1.3550228, 0.9746575, 1.4513735], dtype=float32)]
[]

Weight VALUES for  850
[array([[-0.26133296, -0.0611155 ,  0.62468946, -0.56373143,  0.8841773 ,
        -0.37842324],
       [ 0.11441554, -0.5640178 ,  0.25177196, -0.5577153 , -0.45009622,
        -0.22003902],
       [ 0.6061579 ,  0.7221556 , -0.7038916 ,  0.70805675,  0.7422446 ,
         0.19403549]], dtype=float32), array([ 0.41680452, -0.22908711,  0.10877019, -0.19628678,  0.44903094,
        0.23675503], dtype=float32)]
[array([[-0.02950518,  0.60720634,  0.10483788,  0.35175696,  0.68273836],
       [-0.04072903, -0.59084535,  0.6354958 ,  0.17713083,  0.22319284],
       [ 0.5836821 ,  0.2676204 , -0.11153666,  0.59656566, -0.48402137],
       [-0.29071403, -0.10302593,  0.20981352,  0.06969543, -0.51897436],
       [ 0.2033233 ,  0.8440115 , -0.7743878 , -0.4328266 ,  0.5257053 ],
       [ 0.5769365 ,  0.59502494,  0.10913896, -0.33983657,  0.09859845]],
      dtype=float32), array([ 0.07462787,  0.38491505, -0.17762768,  0.16157302,  0.28371137],
      dtype=float32)]
[]
[array([[ 1.1155149 , -0.16175473,  0.27731797],
       [ 1.1580853 ,  1.4221739 ,  0.45600712],
       [-0.02263689,  0.09976897,  0.06986518],
       [ 0.0443484 ,  0.25476727,  1.0424862 ],
       [ 0.42397228,  1.2118704 ,  0.7548852 ]], dtype=float32), array([1.4834443, 1.098436 , 1.5870395], dtype=float32)]
[]

Weight VALUES for  900
[array([[-0.23320407, -0.06340297,  0.6370909 , -0.5776526 ,  0.9029119 ,
        -0.36470243],
       [ 0.14294018, -0.5663468 ,  0.26435044, -0.57183504, -0.4310843 ,
        -0.20611063],
       [ 0.6334545 ,  0.7199263 , -0.6917646 ,  0.6945393 ,  0.7604201 ,
         0.20739086]], dtype=float32), array([ 0.49830443, -0.23574157,  0.14470588, -0.23662412,  0.5033522 ,
        0.27654997], dtype=float32)]
[array([[-0.00590452,  0.63573104,  0.10784727,  0.38002193,  0.71556884],
       [-0.04860264, -0.60047704,  0.6344854 ,  0.1676621 ,  0.21209629],
       [ 0.5911807 ,  0.27675688, -0.11056707,  0.60559833, -0.47346845],
       [-0.3048254 , -0.12019476,  0.20800224,  0.05273661, -0.53876686],
       [ 0.23661922,  0.8843352 , -0.7701516 , -0.39292973,  0.57209325],
       [ 0.58154017,  0.6005549 ,  0.10972948, -0.33433023,  0.10496897]],
      dtype=float32), array([ 0.11228267,  0.43066815, -0.17284067,  0.20669737,  0.33632398],
      dtype=float32)]
[]
[array([[ 1.1926777 , -0.08306751,  0.35895506],
       [ 1.2619883 ,  1.5280458 ,  0.5659231 ],
       [ 0.00944096,  0.1324265 ,  0.10377628],
       [ 0.10645538,  0.31810722,  1.1081854 ],
       [ 0.5184454 ,  1.3080933 ,  0.8548314 ]], dtype=float32), array([1.6036692, 1.2209426, 1.7142034], dtype=float32)]
[]

Weight VALUES for  950
[array([[-0.2064554 , -0.06461325,  0.65080464, -0.59113866,  0.9198491 ,
        -0.35234225],
       [ 0.17002206, -0.56758064,  0.27823722, -0.5854967 , -0.4139238 ,
        -0.19358219],
       [ 0.65953594,  0.7187385 , -0.6783625 ,  0.6813838 ,  0.7769464 ,
         0.21946831]], dtype=float32), array([ 0.57568216, -0.23926431,  0.1843863 , -0.27565393,  0.55238414,
        0.31234446], dtype=float32)]
[array([[ 0.02274863,  0.66307133,  0.11251514,  0.4139421 ,  0.74941957],
       [-0.05700872, -0.60853   ,  0.6331203 ,  0.15769458,  0.20211747],
       [ 0.6009481 ,  0.28608367, -0.1089731 ,  0.61719376, -0.46189156],
       [-0.32153782, -0.13616607,  0.20527984,  0.03291861, -0.55856645],
       [ 0.2738695 ,  0.91992253, -0.7640903 , -0.34880605,  0.61614704],
       [ 0.5882954 ,  0.60698164,  0.11083221, -0.3263413 ,  0.11293042]],
      dtype=float32), array([ 0.15130077,  0.46799153, -0.16650356,  0.25290057,  0.3825154 ],
      dtype=float32)]
[]
[array([[ 1.2705611 , -0.00572627,  0.43822035],
       [ 1.3638048 ,  1.6291237 ,  0.669538  ],
       [ 0.0388256 ,  0.16157785,  0.13366815],
       [ 0.16923712,  0.38044438,  1.1720688 ],
       [ 0.6123434 ,  1.4013209 ,  0.95036745]], dtype=float32), array([1.7174056, 1.3338327, 1.829964 ], dtype=float32)]
[]

Weight VALUES for  1000
[array([[-0.18110931, -0.06497955,  0.66509235, -0.60386395,  0.93501896,
        -0.3415042 ],
       [ 0.19597647, -0.56796664,  0.2928769 , -0.59853154, -0.39837018,
        -0.18245974],
       [ 0.6850317 ,  0.71836317, -0.6639559 ,  0.6685792 ,  0.792216  ,
         0.23039645]], dtype=float32), array([ 0.6498363 , -0.24036694,  0.22621173, -0.31290197,  0.59682494,
        0.34412295], dtype=float32)]
[array([[ 0.05473861,  0.6888017 ,  0.11897665,  0.45327577,  0.78332543],
       [-0.06512155, -0.6150798 ,  0.6314807 ,  0.14772168,  0.19348218],
       [ 0.61227214,  0.2951984 , -0.10667674,  0.63115335, -0.4498569 ],
       [-0.33950716, -0.15064111,  0.20164408,  0.01079748, -0.57765967],
       [ 0.31259754,  0.9511061 , -0.75626624, -0.30116504,  0.65724516],
       [ 0.596727  ,  0.6137509 ,  0.11253547, -0.31598076,  0.12185036]],
      dtype=float32), array([ 0.18928355,  0.49861634, -0.15884149,  0.2995723 ,  0.42284647],
      dtype=float32)]
[]
[array([[1.3472768 , 0.07494793, 0.51499075],
       [1.4606876 , 1.7309966 , 0.76644725],
       [0.06558298, 0.18968652, 0.16039966],
       [0.23185474, 0.44628638, 1.2347362 ],
       [0.7029932 , 1.4966315 , 1.0410633 ]], dtype=float32), array([1.8228668, 1.4447211, 1.9354148], dtype=float32)]
[]

Weight VALUES for  1050
[array([[-0.15756314, -0.06474573,  0.67940474, -0.6155939 ,  0.9484097 ,
        -0.3321301 ],
       [ 0.21990362, -0.56773543,  0.30742002, -0.6104557 , -0.3847512 ,
        -0.17292131],
       [ 0.7077861 ,  0.7185816 , -0.65005356,  0.6572355 ,  0.80515665,
         0.23949085]], dtype=float32), array([ 0.71820086, -0.23970538,  0.26776156, -0.34696877,  0.63573605,
        0.37137634], dtype=float32)]
[array([[ 0.08729986,  0.71124816,  0.12674192,  0.49477574,  0.81454563],
       [-0.0728382 , -0.6204466 ,  0.6296344 ,  0.13784398,  0.18599716],
       [ 0.6249747 ,  0.30398944, -0.10363752,  0.6473949 , -0.43760028],
       [-0.3580184 , -0.16345178,  0.1972203 , -0.01285708, -0.5955052 ],
       [ 0.35002413,  0.97691965, -0.74734586, -0.25343868,  0.69315445],
       [ 0.6057553 ,  0.6199712 ,  0.11468951, -0.30448198,  0.13049832]],
      dtype=float32), array([ 0.22423379,  0.52277213, -0.15050972,  0.34415996,  0.45645565],
      dtype=float32)]
[]
[array([[1.4215198 , 0.15320717, 0.5882672 ],
       [1.5509582 , 1.8261304 , 0.855557  ],
       [0.0896863 , 0.21508516, 0.18417466],
       [0.29386023, 0.51164657, 1.2959126 ],
       [0.7884079 , 1.586624  , 1.1253614 ]], dtype=float32), array([1.9193088, 1.5463797, 2.030635 ], dtype=float32)]
[]

Weight VALUES for  1100
[array([[-0.13646773, -0.06414255,  0.69297606, -0.62596387,  0.9598749 ,
        -0.3241661 ],
       [ 0.24164034, -0.5671264 ,  0.32140315, -0.6211482 , -0.37291414,
        -0.16469133],
       [ 0.7291834 ,  0.7191801 , -0.63627565,  0.6467076 ,  0.81681293,
         0.24760324]], dtype=float32), array([ 0.7803059 , -0.23796225,  0.30771342, -0.37751895,  0.66955894,
        0.39489016], dtype=float32)]
[array([[ 0.11957733,  0.7309011 ,  0.13580552,  0.5370639 ,  0.84267324],
       [-0.0794792 , -0.6244965 ,  0.6277706 ,  0.12913063,  0.18019383],
       [ 0.6377962 ,  0.3117915 , -0.10002878,  0.6642404 , -0.42641026],
       [-0.37570944, -0.17422612,  0.19224778, -0.03607956, -0.6109451 ],
       [ 0.38531214,  0.9984077 , -0.73743814, -0.20717382,  0.7239219 ],
       [ 0.61508113,  0.6256468 ,  0.11730706, -0.29227468,  0.13862003]],
      dtype=float32), array([ 0.25564125,  0.54190964, -0.14169867,  0.38530347,  0.48384708],
      dtype=float32)]
[]
[array([[1.4933457 , 0.2291853 , 0.6566786 ],
       [1.6355824 , 1.9156357 , 0.93611586],
       [0.11204239, 0.23871505, 0.2054224 ],
       [0.3553866 , 0.57672715, 1.3545234 ],
       [0.8693385 , 1.6722214 , 1.2024014 ]], dtype=float32), array([2.008507 , 1.6407144, 2.1155329], dtype=float32)]
[]

Weight VALUES for  1150
[array([[-0.11713806, -0.06325512,  0.70570326, -0.6353065 ,  0.9699615 ,
        -0.3172681 ],
       [ 0.2612556 , -0.56622756,  0.33431828, -0.63062835, -0.3626766 ,
        -0.15768905],
       [ 0.7480784 ,  0.72005284, -0.623802  ,  0.63758373,  0.8266475 ,
         0.25433666]], dtype=float32), array([ 0.8363499 , -0.23539309,  0.3446161 , -0.40460125,  0.698805  ,
        0.41489574], dtype=float32)]
[array([[ 0.14952572,  0.74759406,  0.14576533,  0.5779692 ,  0.8674226 ],
       [-0.08530366, -0.6277515 ,  0.6258371 ,  0.12119513,  0.17535913],
       [ 0.65055275,  0.31890985, -0.0957863 ,  0.68164974, -0.41584763],
       [-0.3923154 , -0.18349363,  0.18672787, -0.05874031, -0.6246927 ],
       [ 0.41699678,  1.0160718 , -0.7269063 , -0.16389452,  0.7501088 ],
       [ 0.6238507 ,  0.6305317 ,  0.12022401, -0.28029856,  0.14586407]],
      dtype=float32), array([ 0.28282568,  0.5570742 , -0.13266703,  0.42241675,  0.5063318 ],
      dtype=float32)]
[]
[array([[1.5609685 , 0.3007236 , 0.72233   ],
       [1.7129557 , 1.997495  , 1.0112432 ],
       [0.13230452, 0.2601527 , 0.22509928],
       [0.41485786, 0.63963145, 1.4122545 ],
       [0.9438609 , 1.751071  , 1.2747695 ]], dtype=float32), array([2.0892591, 1.7261481, 2.1939237], dtype=float32)]
[]

Weight VALUES for  1200
[array([[-0.10022855, -0.06223584,  0.717003  , -0.6433681 ,  0.97851306,
        -0.31138712],
       [ 0.27854294, -0.5651885 ,  0.3458755 , -0.6388681 , -0.3539332 ,
        -0.15167254],
       [ 0.76502293,  0.7210707 , -0.612458  ,  0.6295082 ,  0.83521473,
         0.26023972]], dtype=float32), array([ 0.8857431 , -0.2324193 ,  0.37763974, -0.42814437,  0.72379065,
        0.4320868 ], dtype=float32)]
[array([[ 0.17690492,  0.7617936 ,  0.1564402 ,  0.61586565,  0.888784  ],
       [-0.09008974, -0.63023925,  0.6239707 ,  0.11456199,  0.17161086],
       [ 0.66243106,  0.32507813, -0.09115038,  0.6981035 , -0.40655917],
       [-0.40717798, -0.1912123 ,  0.18093048, -0.07932823, -0.63631195],
       [ 0.44499415,  1.0306004 , -0.715993  , -0.12513952,  0.77196276],
       [ 0.63198876,  0.6347515 ,  0.12339649, -0.26903582,  0.15221104]],
      dtype=float32), array([ 0.30606863,  0.5691352 , -0.12361178,  0.4545919 ,  0.5244794 ],
      dtype=float32)]
[]
[array([[1.6245351 , 0.36690176, 0.7831158 ],
       [1.7840974 , 2.071549  , 1.0792761 ],
       [0.15111391, 0.2797151 , 0.24309404],
       [0.47207227, 0.69920117, 1.4669658 ],
       [1.0128229 , 1.822859  , 1.3407154 ]], dtype=float32), array([2.1629696, 1.8028659, 2.264421 ], dtype=float32)]
[]

Weight VALUES for  1250
[array([[-0.08520228, -0.06110289,  0.726996  , -0.6504122 ,  0.9858738 ,
        -0.30628783],
       [ 0.29377797, -0.56403947,  0.35601223, -0.6460086 , -0.34647703,
        -0.14650732],
       [ 0.77975345,  0.7221828 , -0.6026364 ,  0.62260544,  0.8424157 ,
         0.26523727]], dtype=float32), array([ 0.9292703 , -0.22913492,  0.4066002 , -0.448551  ,  0.74509543,
        0.44684392], dtype=float32)]
[array([[ 0.20110345,  0.77383095,  0.16756961,  0.6500843 ,  0.90723544],
       [-0.09409754, -0.6322418 ,  0.6221307 ,  0.10888625,  0.16853508],
       [ 0.673345  ,  0.33051482, -0.08612784,  0.71353537, -0.3982165 ],
       [-0.42036083, -0.1977796 ,  0.17486607, -0.0979728 , -0.646389  ],
       [ 0.4691506 ,  1.0426171 , -0.7048856 , -0.09098712,  0.79038316],
       [ 0.63921463,  0.6383437 ,  0.12672074, -0.2588132 ,  0.15772146]],
      dtype=float32), array([ 0.32562014,  0.57886916, -0.1146227 ,  0.4822512 ,  0.5394077 ],
      dtype=float32)]
[]
[array([[1.68285   , 0.4276552 , 0.8405207 ],
       [1.8481748 , 2.1383083 , 1.1423719 ],
       [0.1682597 , 0.29757336, 0.25999302],
       [0.52560276, 0.7549597 , 1.5196472 ],
       [1.075215  , 1.8878605 , 1.4021499 ]], dtype=float32), array([2.2290142, 1.8716811, 2.3294542], dtype=float32)]
[]

Weight VALUES for  1300
[array([[-0.07213951, -0.05993101,  0.7355845 , -0.65645397,  0.9921028 ,
        -0.3018598 ],
       [ 0.3071351 , -0.5628445 ,  0.36479896, -0.6521895 , -0.34009925,
        -0.14197224],
       [ 0.7928159 ,  0.72335374, -0.59402746,  0.6165602 ,  0.84864527,
         0.26967603]], dtype=float32), array([ 0.9674349 , -0.22572012,  0.43170124, -0.46620864,  0.76331645,
        0.4598024 ], dtype=float32)]
[array([[ 0.22254883,  0.78424734,  0.1791144 ,  0.6803553 ,  0.9232501 ],
       [-0.09736499, -0.633835  ,  0.6203734 ,  0.10426609,  0.16608001],
       [ 0.6831067 ,  0.33526516, -0.08086549,  0.7273328 , -0.3909073 ],
       [-0.4318661 , -0.20337704,  0.16866684, -0.11423061, -0.6550013 ],
       [ 0.49003318,  1.0527623 , -0.69364315, -0.06149769,  0.80598325],
       [ 0.64567256,  0.6414808 ,  0.13019839, -0.24969704,  0.16254489]],
      dtype=float32), array([ 0.34216547,  0.586912  , -0.10571836,  0.50561196,  0.55177534],
      dtype=float32)]
[]
[array([[1.7367474 , 0.48504463, 0.89217824],
       [1.906612  , 2.2005196 , 1.1983751 ],
       [0.18428198, 0.31461862, 0.27533603],
       [0.5758338 , 0.80844545, 1.5677888 ],
       [1.132331  , 1.9486629 , 1.4568841 ]], dtype=float32), array([2.2890024, 1.9355397, 2.3869588], dtype=float32)]
[]

Weight VALUES for  1350
[array([[-0.06090581, -0.05874079,  0.74292666, -0.66156876,  0.99726695,
        -0.29805455],
       [ 0.3187206 , -0.5616258 ,  0.37237936, -0.6574715 , -0.33475792,
        -0.13803165],
       [ 0.8043156 ,  0.7245632 , -0.5865035 ,  0.6113185 ,  0.85394394,
         0.27358603]], dtype=float32), array([ 1.0005367 , -0.22223788,  0.4533592 , -0.4812988 ,  0.7785769 ,
        0.47106165], dtype=float32)]
[array([[ 0.24139358,  0.7931124 ,  0.19074674,  0.7069041 ,  0.936913  ],
       [-0.10001165, -0.63508236,  0.61873996,  0.1005367 ,  0.16415861],
       [ 0.69172186,  0.3393204 , -0.07553528,  0.73949206, -0.38465098],
       [-0.44182476, -0.2080645 ,  0.16250946, -0.12827876, -0.6622289 ],
       [ 0.5079927 ,  1.0612133 , -0.6825432 , -0.03616518,  0.81901515],
       [ 0.65139055,  0.6441706 ,  0.1337257 , -0.24164817,  0.16668794]],
      dtype=float32), array([ 0.35614237,  0.5934858 , -0.09709337,  0.52530247,  0.56191075],
      dtype=float32)]
[]
[array([[1.7860339 , 0.53573835, 0.9403083 ],
       [1.9594837 , 2.254903  , 1.2500055 ],
       [0.19920136, 0.32992446, 0.28988415],
       [0.62232566, 0.85625243, 1.6131841 ],
       [1.1841621 , 2.0019696 , 1.5074981 ]], dtype=float32), array([2.3431175, 1.9911891, 2.4397912], dtype=float32)]
[]

Weight VALUES for  1400
[array([[-0.05121396, -0.05755818,  0.74913365, -0.6659108 ,  1.0015734 ,
        -0.29475468],
       [ 0.3289362 , -0.56039417,  0.37892178, -0.66205466, -0.33019724,
        -0.13453594],
       [ 0.8144493 ,  0.7257832 , -0.5800115 ,  0.60677105,  0.85846883,
         0.27705562]], dtype=float32), array([ 1.0297238 , -0.21871425,  0.47205028, -0.49439493,  0.7916092 ,
        0.48104995], dtype=float32)]
[array([[ 0.2579096 ,  0.8008801 ,  0.20248646,  0.7301206 ,  0.948888  ],
       [-0.10219878, -0.6361109 ,  0.61718506,  0.09745745,  0.16257115],
       [ 0.6993061 ,  0.34288296, -0.07013243,  0.75017494, -0.37914872],
       [-0.45045635, -0.21212141,  0.15636279, -0.14043638, -0.668492  ],
       [ 0.5233949 ,  1.0684494 , -0.67158335, -0.01448277,  0.8301885 ],
       [ 0.6564458 ,  0.6465504 ,  0.1373145 , -0.23455045,  0.17035191]],
      dtype=float32), array([ 0.36801654,  0.5990706 , -0.08865472,  0.5419947 ,  0.57052124],
      dtype=float32)]
[]
[array([[1.830508  , 0.58313704, 0.9839553 ],
       [2.0068183 , 2.3053384 , 1.2964414 ],
       [0.21300477, 0.34463006, 0.30339372],
       [0.6646646 , 0.90137637, 1.6547388 ],
       [1.2306509 , 2.0515313 , 1.5531237 ]], dtype=float32), array([2.391458 , 2.042697 , 2.4872174], dtype=float32)]
[]

Weight VALUES for  1450
[array([[-0.04268719, -0.05637372,  0.7545111 , -0.6696677 ,  1.0052137 ,
        -0.2918327 ],
       [ 0.33788383, -0.55915934,  0.3845648 , -0.66600245, -0.32636437,
        -0.13146006],
       [ 0.82334965,  0.72701174, -0.57439744,  0.602843  ,  0.8622795 ,
         0.2801146 ]], dtype=float32), array([ 1.055285  , -0.21519046,  0.48817396, -0.50567335,  0.8025593 ,
        0.48983893], dtype=float32)]
[array([[ 0.27233094,  0.8075886 ,  0.21411143,  0.7503664 ,  0.95925766],
       [-0.10400535, -0.6369504 ,  0.6157284 ,  0.09492111,  0.16127136],
       [ 0.70599914,  0.3459945 , -0.06472768,  0.7595833 , -0.37433112],
       [-0.45796874, -0.21561436,  0.15029939, -0.15099397, -0.67389655],
       [ 0.5366805 ,  1.0746195 , -0.66086584,  0.00418371,  0.83974385],
       [ 0.6608693 ,  0.648608  ,  0.14087692, -0.22834465,  0.17353208]],
      dtype=float32), array([ 0.37811068,  0.603767  , -0.08051931,  0.5561659 ,  0.5777814 ],
      dtype=float32)]
[]
[array([[1.8708017 , 0.625889  , 1.0243152 ],
       [2.0494094 , 2.350529  , 1.3390871 ],
       [0.22579156, 0.3581919 , 0.31619337],
       [0.7033032 , 0.9423649 , 1.6934285 ],
       [1.2725656 , 2.0959976 , 1.5951    ]], dtype=float32), array([2.4348745, 2.0887606, 2.5306952], dtype=float32)]
[]

Weight VALUES for  1500
[array([[-0.03528569, -0.05522837,  0.7591206 , -0.67288625,  1.0082592 ,
        -0.28925654],
       [ 0.34559217, -0.55797505,  0.38936785, -0.66935605, -0.32318747,
        -0.12877491],
       [ 0.8310087 ,  0.7281894 , -0.5696256 ,  0.5995131 ,  0.8654346 ,
         0.28278142]], dtype=float32), array([ 1.077303  , -0.21180119,  0.50189835, -0.51526034,  0.8116338 ,
        0.49751103], dtype=float32)]
[array([[ 0.28480187,  0.81329525,  0.22525585,  0.7676449 ,  0.96807784],
       [-0.10549811, -0.63763225,  0.6143941 ,  0.0928528 ,  0.16021548],
       [ 0.71185553,  0.34867474, -0.05948749,  0.76769704, -0.37018764],
       [-0.46446308, -0.21858576,  0.1444898 , -0.15999497, -0.6784919 ],
       [ 0.5480534 ,  1.0798253 , -0.6506919 ,  0.01994704,  0.84779066],
       [ 0.66469955,  0.65036047,  0.14429651, -0.22303988,  0.17623907]],
      dtype=float32), array([ 0.38665107,  0.60767555, -0.07288957,  0.5679982 ,  0.5838205 ],
      dtype=float32)]
[]
[array([[1.907584  , 0.662878  , 1.060765  ],
       [2.0880568 , 2.3893976 , 1.3773965 ],
       [0.23773691, 0.37020263, 0.32805467],
       [0.73876196, 0.97802156, 1.7285712 ],
       [1.3106642 , 2.1342921 , 1.6328553 ]], dtype=float32), array([2.4742167, 2.1283126, 2.5697043], dtype=float32)]
[]

Weight VALUES for  1550
[array([[-0.02869515, -0.05409738,  0.7631269 , -0.6756985 ,  1.0108489 ,
        -0.28695703],
       [ 0.35248744, -0.5567984 ,  0.39356485, -0.6723053 , -0.32046473,
        -0.1263619 ],
       [ 0.83781654,  0.729351  , -0.5654802 ,  0.59660053,  0.86812115,
         0.2851632 ]], dtype=float32), array([ 1.0970069 , -0.20844455,  0.5138946 , -0.52368766,  0.8194126 ,
        0.50440645], dtype=float32)]
[array([[ 0.29576913,  0.81837124,  0.23623545,  0.78286666,  0.97593445],
       [-0.10676405, -0.6382233 ,  0.6131259 ,  0.09109491,  0.15930687],
       [ 0.7170377 ,  0.35107425, -0.05428666,  0.77489936, -0.3664695 ],
       [-0.47015885, -0.22122367,  0.13877548, -0.16791204, -0.682577  ],
       [ 0.5579309 ,  1.0843968 , -0.6407903 ,  0.03367007,  0.8548698 ],
       [ 0.66807973,  0.65192515,  0.14767629, -0.2183512 ,  0.17865877]],
      dtype=float32), array([ 0.39402738,  0.6110905 , -0.06550649,  0.578238  ,  0.5891054 ],
      dtype=float32)]
[]
[array([[1.9404145 , 0.6977591 , 1.0941151 ],
       [2.1224127 , 2.4258785 , 1.4123005 ],
       [0.2487172 , 0.38184643, 0.33920655],
       [0.7705434 , 1.0117973 , 1.7608649 ],
       [1.3445606 , 2.1703005 , 1.6672953 ]], dtype=float32), array([2.509142 , 2.1654098, 2.6051958], dtype=float32)]
[]

Weight VALUES for  1600
[array([[-0.02298624, -0.05302927,  0.7665637 , -0.67810273,  1.0130024 ,
        -0.28493223],
       [ 0.35834953, -0.5557071 ,  0.3970963 , -0.67478096, -0.31824726,
        -0.12427784],
       [ 0.8436386 ,  0.7304343 , -0.5619717 ,  0.5941435 ,  0.8703218 ,
         0.28723213]], dtype=float32), array([ 1.1137586 , -0.20532717,  0.5239868 , -0.53075576,  0.8257492 ,
        0.5103624 ], dtype=float32)]
[array([[ 0.30514964,  0.82264984,  0.24643914,  0.79566157,  0.98252964],
       [-0.1077932 , -0.63869613,  0.6120054 ,  0.08969028,  0.15858237],
       [ 0.7215071 ,  0.3531149 , -0.04941257,  0.7810059 , -0.36332187],
       [-0.47503075, -0.22344708,  0.13346572, -0.17456487, -0.686005  ],
       [ 0.56634074,  1.0882312 , -0.6316274 ,  0.04515332,  0.86078596],
       [ 0.67096835,  0.65324   ,  0.15081356, -0.21441603,  0.18068667]],
      dtype=float32), array([ 0.4002257 ,  0.6139154 , -0.05876375,  0.58669287,  0.5934629 ],
      dtype=float32)]
[]
[array([[1.9702029 , 0.72746074, 1.1233596 ],
       [2.153481  , 2.4568343 , 1.4427817 ],
       [0.2589264 , 0.39200574, 0.34921393],
       [0.7994852 , 1.0406592 , 1.7892665 ],
       [1.3752409 , 2.2008564 , 1.697407  ]], dtype=float32), array([2.54068  , 2.1968565, 2.6361284], dtype=float32)]
[]

Weight VALUES for  1650
[array([[-0.01786184, -0.05199033,  0.769574  , -0.6802212 ,  1.0148449 ,
        -0.28311306],
       [ 0.3636953 , -0.5546315 ,  0.40024155, -0.6769968 , -0.3163152 ,
        -0.122374  ],
       [ 0.84893566,  0.7314998 , -0.5588524 ,  0.59194744,  0.8722345 ,
         0.28912   ]], dtype=float32), array([ 1.1290323 , -0.20225205,  0.5329718 , -0.5370874 ,  0.8312717 ,
        0.5158024 ], dtype=float32)]
[array([[ 0.31351617,  0.8265422 ,  0.25648046,  0.8071428 ,  0.9885301 ],
       [-0.10867672, -0.6390894 ,  0.61094457,  0.08847647,  0.15794778],
       [ 0.72548985,  0.3549689 , -0.04462157,  0.78648144, -0.36046252],
       [-0.4793483 , -0.22545618,  0.12827434, -0.18049932, -0.6891029 ],
       [ 0.5737503 ,  1.091676  , -0.62272084,  0.05533416,  0.86610055],
       [ 0.6735581 ,  0.6544436 ,  0.15391725, -0.2108655 ,  0.1825414 ]],
      dtype=float32), array([ 0.40567794,  0.61645275, -0.05222032,  0.5941755 ,  0.5973709 ],
      dtype=float32)]
[]
[array([[1.9966247 , 0.756186  , 1.1502194 ],
       [2.1809597 , 2.48669   , 1.4707048 ],
       [0.2682549 , 0.40213695, 0.35868388],
       [0.8252249 , 1.0686367 , 1.8154359 ],
       [1.402399  , 2.2303598 , 1.7250054 ]], dtype=float32), array([2.568557 , 2.2271595, 2.6644585], dtype=float32)]
[]

Weight VALUES for  1700
[array([[-0.01344032, -0.05103436,  0.7721529 , -0.6820293 ,  1.0163673 ,
        -0.2815205 ],
       [ 0.3682596 , -0.5536482 ,  0.40290472, -0.6788642 , -0.31473517,
        -0.12072933],
       [ 0.8534686 ,  0.7324769 , -0.55620664,  0.5900931 ,  0.8738055 ,
         0.29075375]], dtype=float32), array([ 1.1420722 , -0.19944543,  0.5405818 , -0.5424267 ,  0.8357895 ,
        0.52050406], dtype=float32)]
[array([[ 0.32067907,  0.82982993,  0.26564506,  0.816845  ,  0.99358094],
       [-0.10940366, -0.63940376,  0.61001325,  0.08749122,  0.15743439],
       [ 0.72892284,  0.35654286, -0.04022424,  0.791133  , -0.3580419 ],
       [-0.4830457 , -0.22715276,  0.12353794, -0.18550879, -0.69171065],
       [ 0.580066  ,  1.0945759 , -0.6146321 ,  0.06389208,  0.8705536 ],
       [ 0.6757734 ,  0.6554621 ,  0.15674996, -0.20786531,  0.18410411]],
      dtype=float32), array([ 0.41028523,  0.6185698 , -0.04632364,  0.60041994,  0.6006213 ],
      dtype=float32)]
[]
[array([[2.0203404 , 0.7802413 , 1.1739674 ],
       [2.205555  , 2.511595  , 1.4953469 ],
       [0.27682465, 0.41083264, 0.3672701 ],
       [0.84838426, 1.0921243 , 1.8386374 ],
       [1.4267328 , 2.254999  , 1.749366  ]], dtype=float32), array([2.5935054, 2.252443 , 2.6894433], dtype=float32)]
[]

Weight VALUES for  1750
[array([[-0.00977552, -0.05019544,  0.77424973, -0.6835076 ,  1.0175754 ,
        -0.2801888 ],
       [ 0.37210435, -0.5527747 ,  0.40511188, -0.68041927, -0.3134479 ,
        -0.11932632],
       [ 0.85730904,  0.7333471 , -0.55399907,  0.58853704,  0.87509394,
         0.29215872]], dtype=float32), array([ 1.1530594, -0.1969534,  0.5468889, -0.546872 ,  0.8394663,
        0.5245112], dtype=float32)]
[array([[ 0.3266843 ,  0.8326111 ,  0.2738284 ,  0.82487065,  0.99781907],
       [-0.10998244, -0.63968503,  0.60921824,  0.08671172,  0.15702374],
       [ 0.73177344,  0.35786644, -0.03631759,  0.7949589 , -0.35602385],
       [-0.4861076 , -0.22857326,  0.11934439, -0.18961687, -0.6938811 ],
       [ 0.58530164,  1.0970055 , -0.60747993,  0.07090036,  0.87425715],
       [ 0.67764384,  0.65632683,  0.15929125, -0.20537081,  0.18542087]],
      dtype=float32), array([ 0.41410276,  0.62033695, -0.04111822,  0.60552555,  0.6033158 ],
      dtype=float32)]
[]
[array([[2.0405064 , 0.80149716, 1.1934416 ],
       [2.226443  , 2.533609  , 1.5155299 ],
       [0.28433728, 0.41870683, 0.37450546],
       [0.8681126 , 1.1129204 , 1.8576931 ],
       [1.4474103 , 2.2767773 , 1.7693365 ]], dtype=float32), array([2.6146832, 2.2747867, 2.7098825], dtype=float32)]
[]

Weight VALUES for  50
[array([[-0.13646773, -0.06414255,  0.69297606, -0.62596387,  0.9598749 ,
        -0.3241661 ],
       [ 0.24164034, -0.5671264 ,  0.32140315, -0.6211482 , -0.37291414,
        -0.16469133],
       [ 0.7291834 ,  0.7191801 , -0.63627565,  0.6467076 ,  0.81681293,
         0.24760324]], dtype=float32), array([ 0.7803059 , -0.23796225,  0.30771342, -0.37751895,  0.66955894,
        0.39489016], dtype=float32)]
[array([[ 0.11957733,  0.7309011 ,  0.13580552,  0.5370639 ,  0.84267324],
       [-0.0794792 , -0.6244965 ,  0.6277706 ,  0.12913063,  0.18019383],
       [ 0.6377962 ,  0.3117915 , -0.10002878,  0.6642404 , -0.42641026],
       [-0.37570944, -0.17422612,  0.19224778, -0.03607956, -0.6109451 ],
       [ 0.38531214,  0.9984077 , -0.73743814, -0.20717382,  0.7239219 ],
       [ 0.61508113,  0.6256468 ,  0.11730706, -0.29227468,  0.13862003]],
      dtype=float32), array([ 0.25564125,  0.54190964, -0.14169867,  0.38530347,  0.48384708],
      dtype=float32)]
[]
[array([[1.4933457 , 0.2291853 , 0.6566786 ],
       [1.6355824 , 1.9156357 , 0.93611586],
       [0.11204239, 0.23871505, 0.2054224 ],
       [0.3553866 , 0.57672715, 1.3545234 ],
       [0.8693385 , 1.6722214 , 1.2024014 ]], dtype=float32), array([2.008507 , 1.6407144, 2.1155329], dtype=float32)]
[]

Weight VALUES for  100
[array([[-0.13646773, -0.06414255,  0.69297606, -0.62596387,  0.9598749 ,
        -0.3241661 ],
       [ 0.24164034, -0.5671264 ,  0.32140315, -0.6211482 , -0.37291414,
        -0.16469133],
       [ 0.7291834 ,  0.7191801 , -0.63627565,  0.6467076 ,  0.81681293,
         0.24760324]], dtype=float32), array([ 0.7803059 , -0.23796225,  0.30771342, -0.37751895,  0.66955894,
        0.39489016], dtype=float32)]
[array([[ 0.11957733,  0.7309011 ,  0.13580552,  0.5370639 ,  0.84267324],
       [-0.0794792 , -0.6244965 ,  0.6277706 ,  0.12913063,  0.18019383],
       [ 0.6377962 ,  0.3117915 , -0.10002878,  0.6642404 , -0.42641026],
       [-0.37570944, -0.17422612,  0.19224778, -0.03607956, -0.6109451 ],
       [ 0.38531214,  0.9984077 , -0.73743814, -0.20717382,  0.7239219 ],
       [ 0.61508113,  0.6256468 ,  0.11730706, -0.29227468,  0.13862003]],
      dtype=float32), array([ 0.25564125,  0.54190964, -0.14169867,  0.38530347,  0.48384708],
      dtype=float32)]
[]
[array([[1.4933457 , 0.2291853 , 0.6566786 ],
       [1.6355824 , 1.9156357 , 0.93611586],
       [0.11204239, 0.23871505, 0.2054224 ],
       [0.3553866 , 0.57672715, 1.3545234 ],
       [0.8693385 , 1.6722214 , 1.2024014 ]], dtype=float32), array([2.008507 , 1.6407144, 2.1155329], dtype=float32)]
[]

Weight VALUES for  150
[array([[-0.13646773, -0.06414255,  0.69297606, -0.62596387,  0.9598749 ,
        -0.3241661 ],
       [ 0.24164034, -0.5671264 ,  0.32140315, -0.6211482 , -0.37291414,
        -0.16469133],
       [ 0.7291834 ,  0.7191801 , -0.63627565,  0.6467076 ,  0.81681293,
         0.24760324]], dtype=float32), array([ 0.7803059 , -0.23796225,  0.30771342, -0.37751895,  0.66955894,
        0.39489016], dtype=float32)]
[array([[ 0.11957733,  0.7309011 ,  0.13580552,  0.5370639 ,  0.84267324],
       [-0.0794792 , -0.6244965 ,  0.6277706 ,  0.12913063,  0.18019383],
       [ 0.6377962 ,  0.3117915 , -0.10002878,  0.6642404 , -0.42641026],
       [-0.37570944, -0.17422612,  0.19224778, -0.03607956, -0.6109451 ],
       [ 0.38531214,  0.9984077 , -0.73743814, -0.20717382,  0.7239219 ],
       [ 0.61508113,  0.6256468 ,  0.11730706, -0.29227468,  0.13862003]],
      dtype=float32), array([ 0.25564125,  0.54190964, -0.14169867,  0.38530347,  0.48384708],
      dtype=float32)]
[]
[array([[1.4933457 , 0.2291853 , 0.6566786 ],
       [1.6355824 , 1.9156357 , 0.93611586],
       [0.11204239, 0.23871505, 0.2054224 ],
       [0.3553866 , 0.57672715, 1.3545234 ],
       [0.8693385 , 1.6722214 , 1.2024014 ]], dtype=float32), array([2.008507 , 1.6407144, 2.1155329], dtype=float32)]
[]

Weight VALUES for  200
[array([[-0.13646773, -0.06414255,  0.69297606, -0.62596387,  0.9598749 ,
        -0.3241661 ],
       [ 0.24164034, -0.5671264 ,  0.32140315, -0.6211482 , -0.37291414,
        -0.16469133],
       [ 0.7291834 ,  0.7191801 , -0.63627565,  0.6467076 ,  0.81681293,
         0.24760324]], dtype=float32), array([ 0.7803059 , -0.23796225,  0.30771342, -0.37751895,  0.66955894,
        0.39489016], dtype=float32)]
[array([[ 0.11957733,  0.7309011 ,  0.13580552,  0.5370639 ,  0.84267324],
       [-0.0794792 , -0.6244965 ,  0.6277706 ,  0.12913063,  0.18019383],
       [ 0.6377962 ,  0.3117915 , -0.10002878,  0.6642404 , -0.42641026],
       [-0.37570944, -0.17422612,  0.19224778, -0.03607956, -0.6109451 ],
       [ 0.38531214,  0.9984077 , -0.73743814, -0.20717382,  0.7239219 ],
       [ 0.61508113,  0.6256468 ,  0.11730706, -0.29227468,  0.13862003]],
      dtype=float32), array([ 0.25564125,  0.54190964, -0.14169867,  0.38530347,  0.48384708],
      dtype=float32)]
[]
[array([[1.4933457 , 0.2291853 , 0.6566786 ],
       [1.6355824 , 1.9156357 , 0.93611586],
       [0.11204239, 0.23871505, 0.2054224 ],
       [0.3553866 , 0.57672715, 1.3545234 ],
       [0.8693385 , 1.6722214 , 1.2024014 ]], dtype=float32), array([2.008507 , 1.6407144, 2.1155329], dtype=float32)]
[]

Weight VALUES for  250
[array([[-0.14442983, -0.06405001,  0.6879263 , -0.62181973,  0.954882  ,
        -0.32766718],
       [ 0.2327676 , -0.5669359 ,  0.3155292 , -0.6164157 , -0.37865296,
        -0.16888247],
       [ 0.71727675,  0.7194612 , -0.6443155 ,  0.6530735 ,  0.8091006 ,
         0.24189462]], dtype=float32), array([ 0.7311511 , -0.23697296,  0.27601564, -0.35158345,  0.63795054,
        0.3722325 ], dtype=float32)]
[array([[ 0.09287714,  0.7146938 ,  0.12967752,  0.50979716,  0.82211894],
       [-0.07479805, -0.62151456,  0.6288927 ,  0.13413276,  0.18408391],
       [ 0.6296447 ,  0.3066438 , -0.10198584,  0.65546566, -0.4331283 ],
       [-0.36433333, -0.16713111,  0.1949385 , -0.02404081, -0.60175806],
       [ 0.3592422 ,  0.9824803 , -0.7434799 , -0.23415305,  0.70360523],
       [ 0.60498494,  0.61949146,  0.11498614, -0.3025673 ,  0.13083322]],
      dtype=float32), array([ 0.22795494,  0.5248736 , -0.14812787,  0.3566991 ,  0.4621252 ],
      dtype=float32)]
[]
[array([[1.4321115 , 0.18831705, 0.6119983 ],
       [1.5622343 , 1.8668045 , 0.88277406],
       [0.08909035, 0.22353677, 0.18895346],
       [0.3021855 , 0.54126775, 1.315766  ],
       [0.7994884 , 1.6258439 , 1.1516662 ]], dtype=float32), array([1.9300025, 1.58838  , 2.0584671], dtype=float32)]
[]

Weight VALUES for  300
[array([[-0.15112892, -0.06380866,  0.6837659 , -0.61822367,  0.95040405,
        -0.33083007],
       [ 0.22516587, -0.56659365,  0.310611  , -0.61224985, -0.3838652 ,
        -0.1726936 ],
       [ 0.7071626 ,  0.719926  , -0.6510036 ,  0.6586233 ,  0.8021835 ,
         0.23677777]], dtype=float32), array([ 0.69028527, -0.2351921 ,  0.2501076 , -0.32938173,  0.6100882 ,
        0.35215813], dtype=float32)]
[array([[ 0.07093851,  0.7004001 ,  0.1252859 ,  0.4889317 ,  0.80477434],
       [-0.07078159, -0.61877817,  0.62972707,  0.1380816 ,  0.18748274],
       [ 0.6233497 ,  0.30237097, -0.10330103,  0.6491985 , -0.4384516 ],
       [-0.35509926, -0.16094773,  0.19683905, -0.0149977 , -0.59411615],
       [ 0.33744323,  0.96818423, -0.7478852 , -0.25514734,  0.68616104],
       [ 0.59685266,  0.6141811 ,  0.11335893, -0.31028542,  0.12440439]],
      dtype=float32), array([ 0.20402502,  0.50909525, -0.15296572,  0.33371368,  0.44288477],
      dtype=float32)]
[]
[array([[1.3810103 , 0.15384573, 0.57788163],
       [1.4996634 , 1.8247074 , 0.841082  ],
       [0.06925612, 0.21030359, 0.17585787],
       [0.2579889 , 0.51149136, 1.2863113 ],
       [0.7402001 , 1.5860422 , 1.1121979 ]], dtype=float32), array([1.8623445, 1.5428271, 2.0133967], dtype=float32)]
[]

Weight VALUES for  350
[array([[-0.15714227, -0.06349696,  0.68021345, -0.6149704 ,  0.94624466,
        -0.3337171 ],
       [ 0.218347  , -0.56619674,  0.306469  , -0.6085152 , -0.388658  ,
        -0.1760993 ],
       [ 0.69825405,  0.7204438 , -0.6564954 ,  0.66348845,  0.7959582 ,
         0.23232631]], dtype=float32), array([ 0.6536869 , -0.23308034,  0.22809397, -0.309431  ,  0.5844424 ,
        0.3340839 ], dtype=float32)]
[array([[ 0.0529695 ,  0.6872462 ,  0.12185279,  0.47165045,  0.7891197 ],
       [-0.06720376, -0.61610955,  0.6304142 ,  0.14155073,  0.19071251],
       [ 0.61828566,  0.29858184, -0.10428478,  0.6442123 , -0.44305754],
       [-0.34743318, -0.15525809,  0.1983178 , -0.00752346, -0.5872467 ],
       [ 0.31926194,  0.95481527, -0.7513813 , -0.27279407,  0.6701791 ],
       [ 0.5902952 ,  0.609378  ,  0.11210894, -0.31657615,  0.1187025 ]],
      dtype=float32), array([ 0.18324175,  0.49379373, -0.15694529,  0.31363854,  0.42461157],
      dtype=float32)]
[]
[array([[1.338911  , 0.121673  , 0.5484835 ],
       [1.4471971 , 1.7846531 , 0.80447006],
       [0.05236959, 0.19749044, 0.16412842],
       [0.22163326, 0.4837366 , 1.2609625 ],
       [0.6907757 , 1.5483167 , 1.0777222 ]], dtype=float32), array([1.8049794, 1.4990549, 1.9733698], dtype=float32)]
[]

Weight VALUES for  400
[array([[-0.16321547, -0.06311751,  0.67692363, -0.6117264 ,  0.94198436,
        -0.33655563],
       [ 0.21131931, -0.56571597,  0.3025924 , -0.6047283 , -0.3936589 ,
        -0.17949358],
       [ 0.68891776,  0.7211049 , -0.6617896 ,  0.6685441 ,  0.7892972 ,
         0.22773737]], dtype=float32), array([ 0.61550164, -0.23039387,  0.20706211, -0.28880435,  0.5571207 ,
        0.31554684], dtype=float32)]
[array([[ 3.6437590e-02,  6.7315888e-01,  1.1868762e-01,  4.5508581e-01,
         7.7264023e-01],
       [-6.3907348e-02, -6.1320019e-01,  6.3106275e-01,  1.4494461e-01,
         1.9417948e-01],
       [ 6.1403072e-01,  2.9483071e-01, -1.0512774e-01,  6.3976592e-01,
        -4.4755027e-01],
       [-3.4066272e-01, -1.4935219e-01,  1.9964555e-01, -5.4670416e-04,
        -5.8022732e-01],
       [ 3.0234379e-01,  9.4035023e-01, -7.5463772e-01, -2.8990778e-01,
         6.5318936e-01],
       [ 5.8430368e-01,  6.0428447e-01,  1.1097053e-01, -3.2252657e-01,
         1.1276409e-01]], dtype=float32), array([ 0.16318096,  0.4765852 , -0.16079673,  0.29344958,  0.4044173 ],
      dtype=float32)]
[]
[array([[1.3005798 , 0.08530242, 0.5196683 ],
       [1.3985214 , 1.7385533 , 0.7679548 ],
       [0.03625352, 0.18235007, 0.15217476],
       [0.18852563, 0.45233828, 1.2361183 ],
       [0.64510614, 1.5050983 , 1.0434831 ]], dtype=float32), array([1.7511096, 1.4480584, 1.932993 ], dtype=float32)]
[]

Weight VALUES for  450
[array([[-0.16850433, -0.06278342,  0.674253  , -0.60895044,  0.9383163 ,
        -0.3388933 ],
       [ 0.2053687 , -0.5653281 ,  0.29954123, -0.6016015 , -0.3977936 ,
        -0.18215708],
       [ 0.68109506,  0.7216482 , -0.6660082 ,  0.6726972 ,  0.78383046,
         0.22411925]], dtype=float32), array([ 0.58317935, -0.22814777,  0.19014716, -0.27165562,  0.5344094 ,
        0.30072254], dtype=float32)]
[array([[ 0.02414465,  0.66148406,  0.11634065,  0.44144082,  0.75887734],
       [-0.06137567, -0.61066854,  0.63157016,  0.14786105,  0.1972281 ],
       [ 0.61099786,  0.29179394, -0.10573944,  0.6362386 , -0.45122528],
       [-0.3356823 , -0.14443713,  0.20063668,  0.00517259, -0.5743264 ],
       [ 0.28948033,  0.9280834 , -0.75710565, -0.30427015,  0.6386793 ],
       [ 0.57990223,  0.6001478 ,  0.11014465, -0.32734397,  0.10791189]],
      dtype=float32), array([ 0.14743946,  0.46154803, -0.1638074 ,  0.27594396,  0.38664317],
      dtype=float32)]
[]
[array([[1.2726848 , 0.05540316, 0.49298945],
       [1.3626087 , 1.7001897 , 0.73366153],
       [0.02411904, 0.1695897 , 0.1406875 ],
       [0.16445361, 0.42655203, 1.213114  ],
       [0.61157066, 1.4693164 , 1.0114685 ]], dtype=float32), array([1.7108843, 1.4051453, 1.8946197], dtype=float32)]
[]

Weight VALUES for  500
[array([[-0.17576659, -0.06216929,  0.67059934, -0.6050638 ,  0.93307215,
        -0.34228075],
       [ 0.19723772, -0.5646165 ,  0.29546243, -0.59725446, -0.40369517,
        -0.18598288],
       [ 0.6703367 ,  0.72261614, -0.67150605,  0.67845833,  0.7760067 ,
         0.2189969 ]], dtype=float32), array([ 0.538024  , -0.2241377 ,  0.16713381, -0.2473986 ,  0.50154555,
        0.2792769 ], dtype=float32)]
[array([[ 0.00803977,  0.64497274,  0.11361625,  0.42404127,  0.7400846 ],
       [-0.05775563, -0.60694563,  0.63217807,  0.15180764,  0.20153251],
       [ 0.60706395,  0.2877516 , -0.10640194,  0.6319161 , -0.4559255 ],
       [-0.32904974, -0.13761222,  0.2017588 ,  0.01242374, -0.5664506 ],
       [ 0.27225545,  0.9104309 , -0.760017  , -0.32294038,  0.6185328 ],
       [ 0.574242  ,  0.59437543,  0.10919586, -0.33341786,  0.10136025]],
      dtype=float32), array([ 0.12537315,  0.43896538, -0.16751485,  0.25210473,  0.36087424],
      dtype=float32)]
[]
[array([[1.2334762 , 0.01580952, 0.45593858],
       [1.3115473 , 1.6485826 , 0.6854583 ],
       [0.00646872, 0.1518369 , 0.12408514],
       [0.13059506, 0.39236075, 1.181139  ],
       [0.5641786 , 1.4213592 , 0.9667532 ]], dtype=float32), array([1.6528411, 1.3465707, 1.839827 ], dtype=float32)]
[]

Weight VALUES for  550
[array([[-0.18141696, -0.06168066,  0.6678791 , -0.6020812 ,  0.92904776,
        -0.34479564],
       [ 0.19103202, -0.5640682 ,  0.29250795, -0.5939924 , -0.40812477,
        -0.18874633],
       [ 0.66225874,  0.72343355, -0.6754551 ,  0.6827744 ,  0.7700645 ,
         0.2151831 ]], dtype=float32), array([ 0.50306094, -0.22085573,  0.15000635, -0.2287861 ,  0.47623384,
        0.26318482], dtype=float32)]
[array([[-0.00299143,  0.6325225 ,  0.11189524,  0.4113418 ,  0.7260327 ],
       [-0.05517939, -0.60399455,  0.6325973 ,  0.1549934 ,  0.20497592],
       [ 0.6045411 ,  0.28486237, -0.10681402,  0.6287594 , -0.4593238 ],
       [-0.32460368, -0.13252395,  0.20247872,  0.01785108, -0.56055015],
       [ 0.2601671 ,  0.896802  , -0.76190066, -0.33690065,  0.6031082 ],
       [ 0.5704102 ,  0.5900979 ,  0.10861023, -0.33775026,  0.09655979]],
      dtype=float32), array([ 0.10917687,  0.42073   , -0.17003413,  0.23334321,  0.34019908],
      dtype=float32)]
[]
[array([[ 1.2060349 , -0.01296925,  0.42495877],
       [ 1.2753283 ,  1.6106199 ,  0.6447845 ],
       [-0.00649309,  0.13838488,  0.10969662],
       [ 0.10686609,  0.36746922,  1.1543548 ],
       [ 0.5307097 ,  1.3862691 ,  0.9292796 ]], dtype=float32), array([1.6109604, 1.3027563, 1.7928058], dtype=float32)]
[]
